#..........#
#..........#
#..........#
00000000000000100000000000000000000000000000001100000000000000101111111111111011000000000000000000000000000000100000000000000011
00000000000001101111111111111111000000000000100000000000000001001111111111110100111111111111110000000000000001010000000000001001
00000000000001100000000000000010000000000000100011111111111111101111111111110110111111111111110100000000000001000000000000000111
00000000000000110000000000000001000000000000000111111111111111111111111111111100111111111111111111111111111111100000000000000100
00000000000001101111111111111001000000000000010011111111111110101111111111111110000000000000001000000000000001010000000000000111
00000000000010011111111111110111000000000000010111111111111110101111111111111001111111111111110100000000000001100000000000001000
00000000000010110000000000000100111111111111101111111111111111111111111111111110111111111111110000000000000010110000000000000111
00000000000000110000000000000010000000000000011100000000000000011111111111111100111111111111110100000000000010111111111111111110
00000000000000111111111111111000111111111111110111111111111110110000000000000100000000000000010011111111111111110000000000000100
00000000000001011111111111110010111111111111101011111111111110100000000000001001000000000000010000000000000000100000000000000010
00000000000001000000000000000000111111111111011000000000000000100000000000001001111111111111110000000000000010000000000000000011
00000000000000100000000000000011111111111111100100000000000001000000000000000011111111111111100000000000000010000000000000000010
00000000000000110000000000000011000000000000001011111111111111101111111111111101111111111111110111111111111111111111111111111111
00000000000000101111111111111101111111111111110111111111111111100000000000000110000000000000010000000000000000000000000000000001
00000000000000110000000000000010111111111111110000000000000001000000000000000010111111111111110000000000000001000000000000000010
00000000000000110000000000000010111111111111110000000000000001000000000000000010111111111111110000000000000001000000000000000010
