#..........#
#..........#
#..........#
00000000000000111111111111111101111111111111101111111111111101001111111111110111111111111111111011111111111111011111111111111011
00000000000001111111111111111001111111111111011011111111111001001111111111101100111111111111111011111111111111001111111111111000
00000000000000101111111111111000111111111111110011111111111011001111111111110011111111111111101111111111111111001111111111110110
00000000000000001111111111111110111111111111110111111111111101111111111111111010111111111111111011111111111110101111111111111110
00000000000000011111111111110101111111111111110111111111111010111111111111111000111111111111100000000000000000001111111111111000
00000000000001111111111111110011111111111111100011111111111001111111111111101110111111111111010111111111111110011111111111110101
00000000000000001111111111110101111111111111100011111111111011111111111111110101111111111111001011111111111111111111111111110110
00000000000010110000000000000000111111111111111011111111111101101111111111110110111111111111100000000000000001111111111111111010
11111111111111111111111111111011111111111111111011111111111101101111111111111111111111111111101111111111111111100000000000000000
00000000000001111111111111110111111111111111110111111111111101011111111111111101111111111111011100000000000000001111111111111111
00000000000000001111111111111110111111111111101100000000000000000000000000000010111111111111100000000000000000111111111111111101
11111111111111100000000000000010111111111111101000000000000001100000000000000000111111111111101100000000000000001111111111111101
11111111111111110000000000000010000000000000001100000000000000111111111111111101000000000000001000000000000000110000000000000000
00000000000000101111111111111100000000000000000111111111111110100000000000000010111111111111110100000000000000110000000000000000
11111111111111010000000000000000111111111111111100000000000001010000000000000000111111111111110011111111111111111111111111111101
11111111111111010000000000000000111111111111111100000000000001010000000000000000111111111111110011111111111111111111111111111101
