#..........#
#..........#
#..........#
11111111111110000000000000000111000000000000010100000000000000010000000000000011000000000000000100000000000000011111111111111001
11111111111011100000000000001101000000000000100100000000000000000000000000000100111111111111111100000000000000111111111111110101
11111111111100110000000000010000000000000000100000000000000000100000000000000101000000000000000111111111111111111111111111111010
11111111111110100000000000000111000000000000010100000000000000000000000000000100000000000000001000000000000000001111111111111111
11111111111110000000000000001000000000000000011000000000000000100000000000000111000000000000001111111111111111011111111111110111
11111111111011100000000000001110000000000000100000000000000001100000000000001101000000000000001111111111111110111111111111110111
11111111111110010000000000001010000000000000011100000000000001010000000000001101000000000000010000000000000001001111111111111011
11111111111110010000000000001010000000000000011100000000000001110000000000000010000000000000001100000000000000011111111111111011
11111111111111111111111111111111000000000000001100000000000000000000000000000110000000000000010011111111111111101111111111111100
11111111111111001111111111111011000000000000000000000000000001000000000000001011000000000000001111111111111111001111111111111101
00000000000000101111111111111110111111111111111100000000000000110000000000000100000000000000001100000000000001011111111111111010
00000000000000010000000000000001111111111111111100000000000000110000000000000001000000000000001000000000000001011111111111111010
00000000000000010000000000000100000000000000000111111111111111010000000000000011111111111111111100000000000000011111111111111100
00000000000000011111111111111101000000000000000000000000000000000000000000000011000000000000000100000000000000000000000000000000
00000000000000011111111111111111000000000000000000000000000000010000000000000000111111111111111100000000000000111111111111111110
00000000000000011111111111111111000000000000000000000000000000010000000000000000111111111111111100000000000000111111111111111110
