#..........#
#..........#
#..........#
00000000000001011111111111111101000000000000000000000000000000010000000000001000111111111111100111111111111111110000000000000000
00000000000001111111111111111100111111111111111111111111111110110000000000010100111111111110111011111111111111111111111111111100
00000000000001001111111111111001111111111111111000000000000001000000000000001001111111111111011011111111111110111111111111111110
00000000000000011111111111111101000000000000000100000000000000100000000000000100111111111111101100000000000000001111111111111111
00000000000001101111111111111100111111111111101000000000000000110000000000000101111111111111011111111111111110111111111111111101
00000000000010011111111111111001111111111111111100000000000000100000000000001010111111111110111111111111111110101111111111111011
11111111111111001111111111111100000000000000000000000000000000100000000000000100111111111111101000000000000000101111111111111101
00000000000000011111111111111101111111111111110000000000000001000000000000001001000000000000001011111111111111111111111111111111
00000000000000110000000000000000111111111111110100000000000000010000000000000000111111111111110000000000000000001111111111111110
00000000000001010000000000000011111111111111111111111111111111010000000000000000111111111111100011111111111111111111111111111101
11111111111110100000000000000110000000000000000111111111111111001111111111111101000000000000000100000000000001100000000000000000
11111111111110100000000000000011000000000000001111111111111111011111111111111110000000000000001000000000000001100000000000000000
00000000000000100000000000000000000000000000000111111111111111110000000000000001000000000000000011111111111111101111111111111111
00000000000000000000000000000011111111111111111011111111111111111111111111111111111111111111111100000000000000000000000000000000
11111111111111111111111111111110000000000000000111111111111111111111111111111110111111111111111100000000000001011111111111111110
11111111111111111111111111111110000000000000000111111111111111111111111111111110111111111111111100000000000001011111111111111110
