#..........#
#..........#
#..........#
11111111111111011111111111111010111111111111111100000000000010100000000000000011000000000000001011111111111110100000000000000010
11111111111110001111111111110100111111111111111100000000000101010000000000000110000000000000010111111111111110010000000000000100
11111111111101111111111111110101111111111111110000000000000100111111111111111110111111111111111011111111111101010000000000000101
11111111111111111111111111111101111111111111111000000000000001110000000000000001000000000000000011111111111110110000000000000010
11111111111110001111111111111100111111111111100000000000000100110000000000000000000000000000000111111111111101101111111111111110
11111111111100101111111111111001111111111111101000000000000110110000000000000010111111111111111011111111111100010000000000000011
11111111111100111111111111111110111111111111111000000000000010111111111111111000111111111111110111111111111100110000000000000001
11111111111100111111111111110001000000000000100000000000000011011111111111111010111111111111110111111111111111110000000000000001
00000000000000000000000000000100111111111111101000000000000001110000000000000011000000000000001111111111111111001111111111111011
11111111111110000000000000000111111111111111101100000000000010110000000000000111000000000000010111111111111111001111111111111001
11111111111110100000000000001011111111111111110111111111111111101111111111111110111111111111111100000000000000001111111111111110
11111111111111010000000000001000000000000000000011111111111110111111111111111011111111111111101000000000000000000000000000000011
11111111111111000000000000000010111111111111110100000000000001000000000000000000111111111111111000000000000000001111111111111100
11111111111111010000000000000011111111111111110100000000000000110000000000000011000000000000010100000000000000001111111111111011
11111111111111000000000000000110111111111111110111111111111111001111111111111110111111111111101111111111111111010000000000000011
11111111111111000000000000000110111111111111110111111111111111001111111111111110111111111111101111111111111111010000000000000011
