#..........#
#..........#
#..........#
11111111111110110000000000000110000000000000011100000000000000000000000000000111111111111111110000000000000000000000000000000110
11111111111101000000000000001110000000000000101111111111111111010000000000010000111111111111011011111111111111010000000000001010
11111111111111100000000000000101000000000000101111111111111110100000000000001010111111111111011000000000000000110000000000010001
00000000000000010000000000000011000000000000011011111111111111000000000000000100111111111111110000000000000000000000000000000111
11111111111110001111111111111111000000000000011011111111111111000000000000001000111111111111010011111111111111100000000000001110
11111111111101010000000000000010000000000000100011111111111110100000000000001001111111111111000111111111111110110000000000010001
00000000000000010000000000000100000000000000100011111111111011100000000000001110111111111111000000000000000000010000000000010111
11111111111110110000000000000110000000000000101111111111111111100000000000010001000000000000001000000000000000000000000000001011
11111111111110111111111111111101000000000000000111111111111111100000000000000010111111111111101011111111111110110000000000000100
11111111111101001111111111111001111111111111101111111111111111110000000000000000111111111111011111111111111101000000000000000010
11111111111111101111111111111111111111111111100011111111111110100000000000000010111111111111010111111111111111000000000000000101
00000000000000010000000000000011111111111111101011111111111110110000000000000001111111111111100100000000000000000000000000000011
11111111111111111111111111111111000000000000010011111111111111111111111111111011000000000000000100000000000000000000000000000001
11111111111111011111111111111100111111111111111011111111111111110000000000000001111111111111110011111111111111000000000000000010
00000000000001000000000000000000111111111111110111111111111111101111111111111110111111111111101100000000000000100000000000000001
00000000000001000000000000000000111111111111110111111111111111101111111111111110111111111111101100000000000000100000000000000001
