#..........#
#..........#
#..........#
00000000000000101111111111111111000000000000001100000000000000110000000000000100000000000000000011111111111111011111111111111100
11111111111111111111111111111011000000000000010100000000000001000000000000000110000000000000001011111111111110101111111111110110
00000000000000111111111111111011000000000000000000000000000000011111111111111101000000000000001111111111111111011111111111111101
00000000000001010000000000000000111111111111111000000000000000101111111111111111111111111111111011111111111110101111111111111111
11111111111111110000000000000000000000000000000100000000000000011111111111111101000000000000001111111111111111110000000000000000
00000000000000000000000000000010000000000000000000000000000000000000000000000001000000000000001011111111111111010000000000000011
00000000000010010000000000000110111111111111111011111111111111101111111111111110111111111111100011111111111100110000000000000100
11111111111111001111111111111010000000000000100111111111111111000000000000000100000000000000000000000000000001000000000000000001
00000000000000010000000000000101111111111111111100000000000000101111111111111111111111111111111011111111111111000000000000000010
11111111111111010000000000001101111111111111111100000000000000000000000000000101111111111111110111111111111111010000000000000111
00000000000001000000000000000110111111111111111100000000000000100000000000000101111111111111101111111111111110000000000000000111
00000000000001000000000000000000000000000000000000000000000000010000000000000100111111111111110111111111111110110000000000000110
00000000000001010000000000000011000000000000001000000000000000000000000000000000000000000000000100000000000000101111111111111110
00000000000000000000000000000110111111111111111100000000000000010000000000000001111111111111111011111111111111010000000000000001
00000000000000010000000000000000111111111111111000000000000000110000000000000100000000000000000111111111111111100000000000000100
00000000000000010000000000000000111111111111111000000000000000110000000000000100000000000000000111111111111111100000000000000100
