#..........#
#..........#
#..........#
11111111111110000000000000000101111111111111101011111111111111011111111111111110111111111111111111111111111111111111111111111110
11111111111100010000000000000111111111111111011011111111111110101111111111111001000000000000000011111111111110111111111111111001
11111111111100010000000000000101111111111111011111111111111111001111111111110111111111111111101100000000000000010000000000000001
11111111111110110000000000000010111111111111110011111111111111001111111111111010111111111111111111111111111111110000000000000011
11111111111101001111111111111011111111111111111111111111111111011111111111111111111111111111110000000000000000101111111111111010
11111111111100001111111111111101111111111111110011111111111110011111111111110111111111111111110000000000000001000000000000000000
11111111111111111111111111111110000000000000000111111111111111111111111111111101111111111111110000000000000001000000000000000001
11111111111111000000000000001001111111111111101100000000000001000000000000000000111111111111110111111111111111111111111111111010
11111111111111101111111111111000000000000000010011111111111111010000000000000010000000000000000000000000000000001111111111111100
00000000000001001111111111110011000000000000101011111111111111100000000000000101000000000000000000000000000000111111111111111011
00000000000010111111111111111011000000000000101000000000000000100000000000000111111111111111111100000000000000011111111111111110
00000000000001100000000000000000000000000000010100000000000000010000000000000010000000000000000000000000000000010000000000000010
00000000000000100000000000000011111111111111111111111111111111101111111111111101000000000000001011111111111111111111111111111001
00000000000001011111111111111011000000000000010100000000000000010000000000000101111111111111111100000000000000001111111111111100
00000000000000101111111111111101000000000000001000000000000000001111111111111111111111111111111000000000000000110000000000000001
00000000000000101111111111111101000000000000001000000000000000001111111111111111111111111111111000000000000000110000000000000001
