#..........#
#..........#
#..........#
11111111111111010000000000000000000000000000000111111111111110101111111111110111111111111111111100000000000000000000000000000100
11111111111110001111111111111011000000000000001111111111111100101111111111110000000000000000000100000000000000110000000000001000
11111111111110101111111111111101111111111111111011111111111101111111111111101100111111111111110100000000000000000000000000000011
00000000000000001111111111111111111111111111110111111111111110111111111111111000111111111111111000000000000000000000000000000001
11111111111110000000000000000001111111111111111111111111111110101111111111110100111111111111111011111111111111110000000000000011
11111111111100110000000000000001111111111111111111111111111101001111111111101110000000000000000011111111111111100000000000000001
00000000000000100000000000000101111111111111100111111111111100011111111111101011000000000000000100000000000001000000000000000001
11111111111111111111111111111011000000000000011111111111111110011111111111110101111111111111100100000000000001000000000000000010
11111111111111100000000000000011111111111111111011111111111111100000000000000000111111111111111111111111111111110000000000000001
11111111111101110000000000001001000000000000001011111111111111000000000000000101000000000000010100000000000000001111111111111111
00000000000000000000000000000110111111111111111111111111111111101111111111111100000000000000010100000000000000000000000000000010
00000000000000100000000000000001111111111111111011111111111111111111111111111001000000000000001111111111111111100000000000000001
00000000000000100000000000000101111111111111111111111111111111110000000000000001000000000000001000000000000000101111111111111100
11111111111111100000000000000101000000000000000111111111111111110000000000000011000000000000001000000000000000100000000000000001
00000000000000110000000000000100111111111111110111111111111111101111111111111011000000000000010100000000000000001111111111111110
00000000000000110000000000000100111111111111110111111111111111101111111111111011000000000000010100000000000000001111111111111110
