#..........#
#..........#
#..........#
00000000000001000000000000000001111111111111101100000000000001100000000000000011111111111111100100000000000000101111111111111111
00000000000001110000000000000001111111111111001000000000000011110000000000000111111111111111001100000000000010001111111111111010
00000000000000100000000000000101111111111111101000000000000010000000000000000010111111111111001011111111111111110000000000000000
00000000000000010000000000000011111111111111110000000000000000101111111111111111111111111111101011111111111111101111111111111110
00000000000000010000000000000000111111111111110100000000000001100000000000000001111111111111010111111111111111010000000000000100
00000000000001001111111111111110111111111111110100000000000011010000000000000010111111111110111011111111111111000000000000000001
00000000000010010000000000000010111111111111100111111111111110111111111111111100111111111111100000000000000000000000000000000101
00000000000000011111111111111101111111111111110100000000000010000000000000000000111111111111101100000000000001010000000000000001
00000000000000001111111111111110111111111111111100000000000000001111111111111110111111111111110111111111111111000000000000000010
00000000000000111111111111111000000000000000010000000000000000110000000000000000111111111111110011111111111111010000000000000011
00000000000001111111111111111011000000000000000011111111111110111111111111111111000000000000010100000000000001000000000000001001
00000000000001101111111111111100111111111111111111111111111111011111111111111111000000000000010100000000000001000000000000000111
11111111111111000000000000000011111111111111110111111111111111111111111111111111000000000000000000000000000000100000000000000000
00000000000000011111111111111111000000000000000111111111111111100000000000000000000000000000000000000000000000000000000000000010
00000000000001010000000000000000111111111111110111111111111110111111111111111111000000000000010000000000000000110000000000000011
00000000000001010000000000000000111111111111110111111111111110111111111111111111000000000000010000000000000000110000000000000011
