


11111111110001111111111100011100111111111111011100000000000111000000000001010010000000000110111100000000000001001111111101000101
11111111110001101111111000100110111111111111111011111111101111100000000010000010000000000111101011111111100000111111111011101000
00000000001010001111111010001011000000000001010111111111110110100000000001111011000000000010101011111111101000111111111101011000
11111111111011001111111100110100000000000000001111111111110010110000000001001011000000000010101111111111111100101111111101100100
11111111111111111111111101011011111111111111111011111111100111010000000000100110000000000101100011111111110111001111111100111001
11111111101001111111111011101010111111111110101100000000000011100000000001011110000000000011000111111111110111001111111110000101
00000000000011111111111010000001111111111101000111111111011011010000000001101101000000000010001111111111100110001111111011110010
11111111110110011111111010111110111111111111101111111111100101000000000001100010000000001000100000000000010000001111111001100100
11111111100110001111111010111000000000000010011000000000001000000000000001100110000000000000111011111111111111111111111110001110
11111111110001011111111010010110111111111101001011111111011110100000000001011100000000001000100111111111110011011111111010010011
11111111101010101111111100111000000000000100010000000000000000000000000000010110000000000010110011111111110100101111111111000010
11111111100101001111111100000001000000000011011111111111111011100000000000101010000000000100010011111111111001101111111101110011
11111111110001001111111010110111000000000000000011111111110110100000000010000010000000001001111011111111101111001111111100000001
11111111110000001111111010101111111111111010010011111111110001000000000001100101000000000011001111111111011100011111111101110010
11111111100001101111111011111011000000000010111011111111111001110000000000111101000000000101111011111111110000011111111101100111
11111111110010011111111011001101111111111111111011111111111111100000000001101001000000000010111111111111101110001111111110001111
11111111110010011111111010011111111111111111000111111111100100110000000001011011000000000111101111111111100100101111111011110110
11111111101011111111111011001101111111111100100011111111111011110000000001010100000000000101010111111111011110101111111110010010
11111111101000011111111010110111111111111100011111111111111110010000000001001101000000000101000011111111100010111111111110000100
11111111110101001111111010110101000000000110111011111111110001110000000001000000000000000011100011111111111001011111111100111001
11111111101110111111111101001110000000000001101111111111111000000000000000110101000000000111110011111111110101001111111101101010
11111111101111101111111100111010000000000000011111111111110100010000000000010011111111111111111000000000000010101111111101111010
11111111100101001111111011110010000000000010110011111111100001010000000000100100000000000110110111111111110110001111111011110110
11111111100101111111111000111001000000000010011000000000000010010000000010010000000000001010010111111111101101101111111011111011
11111111110100111111111011100101111111111101011111111111101100000000000001001111000000000001100011111111111011111111111100101011
00000000001010001111111010010010111111111101100111111111110110100000000010011111000000000101011111111111110010011111111100000111
11111111111001111111111010010110111111111011100111111111110010110000000001110101000000000010001111111111100000101111111101101000
11111111110110101111111011100100111111111110010011111111110000100000000000111010000000000010000111111111110011001111111101001110
11111111101011011111111001111011000000000100011111111111101111100000000001011011000000000111101011111111100010011111111100101110
11111111110011101111111001000000111111111100100111111111101100100000000001111111000000000101100011111111011110101111111100010101
11111111101010101111111001010011000000000000001011111111110100110000000010100000000000001010000111111111101010001111111011011000
11111111101111111111111011110101111111111110011111111111101000000000000001011100000000000001000111111111111011011111111100101111
11111111111011011111111010010101111111111011000011111111011100110000000001101010000000000001000011111111101101011111111100000000
11111111111001101111111011110101000000000000110111111111011110100000000000110010000000001001100011111111101000101111111011100000
11111111101111001111111011101000111111111011111011111111111100100000000001010101000000000001111111111111101101111111111110011010
11111111100111111111111011010101000000000010011000000000001001010000000001101001000000000001101111111111111001011111111110100110
11111111101100001111111100011101111111111111010000000000000100010000000000101110000000000111000111111111110001101111111110000001
11111111111110011111111010001000000000000001111011111111110110010000000001100100000000000110100011111111101100011111111100001111
11111111110111101111111001111011000000000000101000000000000101000000000010010010000000000010101111111111110110011111111101011001
11111111110101011111111011001010111111111111000111111111101001100000000001100000000000001001010011111111011111111111111100011100
11111111101010101111111011010010000000000100001111111111101100010000000001101010000000000110011100000000000000111111111011100101
11111111101101001111111010111111000000000101011011111111111000000000000001010010000000000111000011111111111011111111111100011100
11111111100110101111111010001101111111111110100111111111111001100000000010000010000000000110101111111111011010011111111101110010
11111111101101011111111100100001000000000000101111111111110000010000000001010101000000000011101011111111110111111111111101011001
11111111111001001111111100101111000000000000101011111111111001110000000000110100111111111110010000000000000100001111111110010010
11111111111000101111111010111010111111111011101011111111110111000000000010100010000000000011000011111111110011001111111101000101
11111111100111101111111100011010000000000110100011111111101110100000000000001101000000000111010011111111111101011111111100100000
11111111100100001111111001111111000000000010010011111111111101000000000010000011000000001101001011111111101011111111111011110011
11111111111000101111111010001101111111111110000111111111101001100000000001011001000000000101011011111111011110101111111100101111
11111111111011001111111101011011111111111110110111111111101111110000000001001010000000000000101111111111111000001111111110010010
11111111101101111111111011110010000000000111000000000000000110010000000001100111000000001011110011111111111000001111111100110110
11111111111010111111111010011110000000000001110111111111110010010000000001101000111111111111000000000000000000101111111100110010
11111111011110111111111010100101000000000011011000000000001111000000000001101110000000000110000111111111111111101111111101100000
11111111111110101111111010110111000000000001001011111111111100000000000001010100000000000001111000000000000101001111111100101001
00000000000000101111111101000110000000000001001011111111101101000000000000111110000000000011000000000000010001011111111011111011
11111111110000001111111001111000111111111111000011111111110101100000000001100001000000000101110111111111110110001111111011100111
11111111101100101111111011011001000000000011110000000000000001000000000000111011000000000110000011111111110011011111111101010001
11111111110010111111111010101000000000000001111011111111110001000000000001000110000000000110110011111111100001111111111101000010
11111111101100011111111001100100000000000000101011111111101010010000000010000100000000000011111011111111100100001111111100100010
11111111110011011111111010001101111111111011111011111111100111110000000010000100000000001010011111111111100111111111111010111111
11111111111000111111111100001111000000000110011011111111110010100000000000001111000000000000101100000000001001111111111101001000
11111111110000001111111011001100000000000000110011111111111110010000000001010110000000001001101111111111101011011111111100110111
11111111101101111111111001011001111111111110001111111111100001000000000001110001000000001000100011111111101001011111111010101101
11111111101100101111111100011011000000000111110100000000000001110000000000110110000000001010011000000000001111001111111011110101
