#time0row7[msb-lsb],time0row6[msb-lst],....,time0row0[msb-lst]#
#time1row7[msb-lsb],time1row6[msb-lst],....,time1row0[msb-lst]#
#................#
00000000000000000001000100110100
00000000000000000001000100110101
00000000000000000011000100110011
00000000000000000000000000000000
00000000000000000000000000000000
00000000000000000000000000100111
00000000000000000000000000100010
00000000000000000000000100101001
00000000000000000000000100100010
00000000000000000000000100110001
00000000000000000010000100110101
00000000000000000001000100110111
00000000000000000001000100110110
00000000000000000010000101000101
00000000000000000010000101000101
00000000000000000000000000110111
00000000000000000000000000101111
00000000000000000000000000010111
00000000000000000000000100010011
00000000000000000000000100011100
00000001000000000000000100011111
00000001000000000000001000101010
00000001000000000001001000100110
00000001000000000011000100110111
00000000000000000100000100100101
00000000000000000100000000010101
00000000000000000010000000010101
00000000000000000001000000010100
00010000000000000011000100010100
00010000000000000110000100100000
00010001000000000010000100010111
00000001000000000000000100010111
00000001000000000000000100101110
00000001000000000000000100111001
00000000000000000000000100110100
00000000000000000010000100110100
00000000000000000011000100110011
00000000000000000000000000000000
00000000000000000000000000000000
00000000000000000000000100011001
00000000000000000000000100011001
00000000000000000000000100011111
00000001000000000000000100111111
00000000000000000000000100110111
00000000000000000010000100110101
00000000000000000010000101000110
00000000000000000010000101000101
00000000000000000011000101000100
00000000000000000011000101000100
00000000000000000000000100110011
00000000000000000000000100101100
00000000000000000000000100101000
00000000000000000010000100100100
00110001000000000101000100100100
00110001000000000111000100100011
00010001000000000110000100110100
00010001000000000101000100100011
00000000000000000010000100101000
00000000000000000010000100100101
00000000000000000100000000010001
00000000000000000001000000001000
00000000000000000000000000011010
00000000000000000000000100010011
00000000000000000000000100010011
