


00000000001010111111111101110001111111111011010011111111010100100000000000001110000000000101010100000000011101100000000001011110
11111111011111001111111101110110111111110011011011111111000001111111111111111010000000000010110100000000010011000000000000100110
11111111110010111111111111001000111111110110010011111111100000111111111110101100000000000100100100000000011110100000000000001101
11111111110011010000000001000011111111111001110111111111111010101111111110111010111111111110111100000000010111011111111111000001
11111111101001010000000000100101111111111001011011111111111011010000000000100011111111111101110000000000100010011111111110100010
11111111111101111111111111010111111111110110101011111111011000101111111110101110000000000000111100000000000111000000000000110010
11111111001111011111111111010100111111110111100111111111011011111111111111100011000000000010111000000000001010101111111111111101
11111111111011000000000000011011111111110101110111111111100011111111111111101000000000000010111100000001000100110000000000000000
00000000000110100000000000101000111111110011101011111111011010011111111101001000000000000000010100000000000101100000000001000010
11111111011101011111111111001010111111110100110111111111010100000000000000101011000000000000110000000000100101001111111111110100
11111111110110100000000000010010111111110101110011111111100101001111111111010000111111111100011011111111111100000000000000000110
11111111110110000000000000011011111111110100000011111111011110111111111111000111111111111100101100000000000110010000000000001010
11111111101010001111111111000110111111111010001111111111100110000000000000000110111111111111111100000000100001111111111110101110
11111111011110001111111110100110111111110100010111111111010000001111111111110001111111111111110011111111111101100000000000001001
11111111100000101111111111010001111111111010111111111111011100101111111111111101111111111101001011111111101110101111111111110101
11111111110110101111111111110011111111110101110011111111100001101111111110100010111111111111111100000000001100001111111111111011
11111111010101011111111111010100111111110101100111111111011100010000000000011111111111111110001000000000010011101111111110111111
11111111101101101111111110101001111111110010001111111111010001101111111111111111111111111110010000000000001010001111111111111110
11111111110101101111111110001111111111101111110111111111000100001111111111111001111111111111110000000000001011100000000000111111
11111111101110110000000001000001111111110100001011111111100111001111111110011110111111111110100000000000010010101111111111110010
11111111110001110000000000100111111111111000100011111111111000110000000000001101111111111010111100000000011011111111111110001001
11111111111001000000000000010110111111110101100111111111011101101111111110111110000000000000001000000000000000110000000001010111
11111111010100000000000000111110111111110110010111111111100111110000000000001110111111111001111100000000000101011111111110110000
11111111111001101111111110100100111111110010001011111111001001011111111111001111000000000001000100000000100101110000000000001010
11111111101110010000000000001111111111110110000111111111011111101111111110110111000000000001010100000000001111000000000000100011
11111111111011001111111110101011111111111001000111111111100010111111111111000110000000000110111100000000110101010000000000000011
11111111100101111111111110101001111111110100110111111111010010101111111111001101000000000010011000000000000111100000000000011101
11111111101111111111111111000011111111110100111011111111010010101111111111100110000000000010010100000000001010100000000001010000
11111111011001110000000000000110111111110011010011111111011111011111111111100011111111111011011000000000001011111111111110100111
11111111100101011111111111010000111111101101111111111111001101001111111111001110111111111111111100000000011111011111111111110101
11111111100000101111111110101101111111111000111111111111010111101111111111101100000000000000101100000000010111111111111111001000
11111111011011010000000000111100111111111011110011111111101110001111111110100110111111111111000011111111111000001111111111100000
11111111011000110000000000011010111111110011111111111111011110111111111110110101000000000000110000000000001111001111111111110110
11111111010000101111111111000000111111111001110111111111100110000000000001110101111111111110001000000000011000001111111110101010
11111111111011101111111111110011111111110001100111111111011001111111111110110001111111111111011000000000010000000000000000011001
11111111111101010000000000000011111111111000001011111111011111011111111101101110000000000000001111111111111010100000000000100101
00000000000101001111111110010010111111110011110011111111010001010000000000100100000000000000010000000000011011000000000000110110
11111111101111011111111101011110111111110111111011111111001010110000000000001101000000000101111100000000011001010000000001010000
00000000000011111111111111001011111111110101111111111111010110011111111101110000000000000101000100000000011000110000000001000100
11111111010111101111111111011101111111110111001111111111101010000000000000110100111111111100100000000000011011011111111101111010
11111111011011100000000000111010111111111110011111111111110011101111111111000001111111111110000100000000000101101111111110101010
11111111110101000000000000011111111111110101100011111111100101101111111111000010111111111110010100000000011101001111111111011110
11111111011100011111111111011001111111110101011111111111011101011111111111010111111111111100000000000000000000101111111110100100
11111111011110100000000001000010111111111101010011111111111001011111111111000011111111111100011111111111111011111111111110011111
11111111111110110000000000011000111111111000100111111111100101101111111110001100000000000010101000000000000010110000000001010110
11111111110000000000000000001111111111111001111111111111101110111111111110001000000000000001101100000000010111111111111111000110
11111111100111010000000000100000111111110111000111111111100110010000000000010011111111111011100100000000001011001111111111011111
11111111110000011111111111001110111111110100101011111111011100110000000000000111111111111101001000000000101011111111111110011101
11111111011111011111111111000101111111110001011111111111010100110000000000000010111111111111011100000000010110111111111111101011
11111111100111000000000001011100111111111100111000000000000100011111111110110001111111111101011100000000000011111111111110011110
11111111111010001111111111011111111111111100011011111111110001110000000000000010111111111110010100000000100100101111111110011001
11111111110010110000000000010010111111110111101011111111011100101111111101100010000000000100100100000000000110100000000001011000
00000000001110011111111111110000111111110011000011111111010010111111111110000011000000000000001000000000010111010000000000110110
00000000001111001111111111001010111111110011010111111111010000001111111110011100000000000111000100000000101000110000000010010100
11111111111001100000000000010011111111111110010111111111110011001111111111011000000000000100010000000000011111010000000000011110
11111111110100001111111101011000111111110101011011111110111001111111111111111101000000000110100000000000010011010000000010011001
11111111110000111111111101001100111111111011010011111111000101010000000000011101000000000100001011111111111000110000000001111101
11111111100001001111111110110000111111110100001011111111010100010000000000010111111111111110111000000000001100111111111111110100
11111111001010111111111111110011111111111001011111111111011101011111111110110011111111111110100111111111110000001111111111001100
11111111011111001111111110110110111111110110010011111111011100100000000000101101000000000000000000000000101011111111111110101110
11111111111110000000000000110010111111110101000111111111100010001111111110101000000000000001011100000000010000110000000001011001
11111111110111001111111110000011111111110101111011111111010011110000000000101110000000000000110100000000100001100000000000000010
11111111010111111111111111100001111111110010010111111111010011100000000000000101111111111110110100000000011111101111111111010001
00000000000111111111111111010010111111111011101111111111100100000000000000001111000000000001101100000000101001000000000000011000
