


11111111100111000000000000110100000000000010011011111111111000100000000000100011000000000010101111111111111000000000000001001011
11111111110110011111111111001101000000001000001011111111011001110000000000011110000000000011111011111111101000000000000001011000
00000000000000101111111110001110000000001011101111111111010001000000000001001111111111111110000100000000000011111111111111011101
00000000001111001111111110010110000000000111000111111111101100110000000001111010000000000010111000000000001101111111111111100011
00000000100000111111111111001111000000000100000011111111101000100000000001110001000000001000110100000000010100101111111111001101
11111111110000101111111111000110000000000111011011111111111011100000000000011001000000000001110111111111110101000000000001000111
00000000000111001111111101100010000000000101110111111111010101000000000000110111000000000010011111111111101101100000000000000111
00000000011011111111111110100000000000000100001111111111011100110000000011110111000000001010011000000000011011111111111111110000
11111111110111111111111101111111000000001001111011111111101111110000000001011000111111111101110011111111111001000000000001010110
00000000010001011111111110111111000000000011101011111111100011010000000001101100000000001011110011111111111110000000000000100011
00000000001010101111111111100100000000000100011011111111110000000000000000011000000000000001110011111111110110100000000001011000
00000000001101001111111111010000000000000100110111111111101110110000000001000011000000000100001011111111111001110000000001011111
11111111111000101111111111110110000000001000011111111111101101110000000001100110000000000101010100000000000000110000000000011011
11111111110111001111111110110010000000001000101011111111111000101111111111001011000000000110011011111111101011010000000000101001
11111111110001010000000000000101000000000001010111111111110101010000000000000010000000000000101011111111011010000000000010100110
11111111111010111111111110101001000000001010101111111111101111110000000000101110000000000001001011111111111101110000000000011000
00000000001101101111111111001000000000000110010111111111100011100000000000111101000000001000011111111111110111100000000000100101
11111111111110001111111111101001000000001001111111111111111011111111111111011001000000001000100011111111111001110000000000100010
11111111111100011111111111101101000000001000111011111111111010111111111111010000000000001000111111111111110110100000000000111101
00000000011001011111111110001100000000000110110111111111001111100000000010010011111111111111111000000000000000110000000000110101
00000000010100011111111111111111000000000110101111111111110111000000000001100100000000001000011000000000010001101111111111111111
00000000001101001111111110100010000000000001000011111111101110110000000000101101000000000010111011111111110101110000000001001011
00000000011110001111111110111111000000000001000111111111100110100000000001101100000000001000011111111111110100000000000001100010
11111111110101111111111111110001000000001011101111111111100101000000000001100010000000000100110111111111111101100000000001010011
00000000001001001111111101111000000000000101000011111111101011100000000001010010000000000100010111111111111100010000000000011000
11111111110110101111111110100100000000001011110111111111011101010000000001111000000000000001100000000000001111101111111110111010
11111111110110011111111110010110000000001010000011111111101100001111111111110000000000000011000111111111110001100000000000001101
00000000000100101111111110110010000000000011101111111111101000100000000000010001000000000100010011111111110011100000000000110010
00000000010000111111111111000010000000001001011011111111011011010000000001010011000000000100100011111111110111000000000001000111
00000000001110011111111110000101000000001101101011111111100010100000000000110111000000001001011000000000000101101111111111110100
11111111101101011111111111011101000000001001001011111111101000100000000001011011000000000011010111111111101111100000000001010000
11111111111110101111111101100101000000000011011111111111101111110000000001010110000000000000001111111111101010100000000001000001
00000000010001111111111100110110000000001000000011111111100010000000000001010010000000000110001011111111111100011111111111101110
00000000010101010000000000001010000000000000111111111111011110100000000001000010000000001001011111111111111000000000000000100100
00000000000100111111111110011110000000001010110111111111111100000000000000010000000000000111000000000000000110111111111111111101
11111111101010111111111110101001000000001000011111111111110100010000000000110000111111111011110011111111101101000000000001100111
00000000000000100000000000110101000000000101011011111111111011011111111111111100000000001001000000000000000011010000000000110011
11111111110010111111111111111000000000000100100111111111010101010000000000100010000000000000001111111111101100100000000001000111
11111111101100011111111110010001000000001011111011111111100011100000000001010101111111111100110111111111111100010000000000011111
00000000001111001111111111101001000000001000101111111111101010000000000001000001000000001001101000000000000100011111111111111000
11111111111101001111111110101000000000000010101111111111100100000000000010100010111111111110101111111111101011110000000001101011
00000000001111001111111111000111000000000111000111111111011110010000000010010111000000000011000000000000000101000000000000111100
11111111110101101111111111001001000000001100011011111111110111110000000000000101000000000100101111111111110000100000000000111010
11111111111111101111111110100011000000000100101011111111110101000000000001011001000000000000110011111111110010010000000000111010
00000000000000111111111110000011000000000011011111111111101010100000000000111110111111111101101111111111110111100000000000101100
11111111110010111111111101101100000000001100110011111111110101010000000001100111000000000001010100000000000101111111111111011011
00000000011010011111111111111010111111111111101011111111100001100000000001101101000000000101100011111111110110110000000001110101
00000000000001110000000000010110000000001011010111111111101101110000000001111011000000001001000100000000001001100000000000110010
00000000010001001111111110101111000000001001011111111111100000100000000000011110000000001000011011111111111111000000000000000000
00000000001001011111111101111111000000000110100011111111110101000000000001011000000000000001000000000000000011101111111111100110
11111111111001110000000000111110000000000111011111111111101000100000000010001100000000000001011000000000000110000000000000111101
11111111111011111111111101001001000000000101101111111111010110110000000001101110111111111010101111111111101110110000000000111110
11111111110100001111111111011000000000001010000111111111110011110000000001100100000000000001011111111111111111010000000001101000
00000000000100001111111110011010000000000110010111111111011000110000000001110000000000000000101100000000000111110000000000010001
00000000000111001111111110101011111111111111100011111111100010000000000010100001000000000000011100000000000011010000000000001111
11111111101101011111111111100111000000000010001111111111100010100000000000010101000000000010111111111111100011100000000001111100
11111111100000110000000000111100111111111110011111111111100111011111111111011101111111111101010111111111010000100000000011000000
00000000001000101111111111101101000000000110010111111111011111100000000000010010000000000101010111111111110010010000000001000010
11111111110010011111111101111111000000000111001111111111100010110000000000101011111111111110001011111111011000110000000001110000
00000000000110001111111111011010000000001000111111111111101100110000000001011110000000001011110100000000000111001111111111110101
00000000011010111111111110010110000000000000111111111111010001110000000010000011111111111111010111111111111110100000000001000101
11111111111100000000000000110010000000000110110111111111101101100000000000100011000000000111010011111111111111010000000000110011
00000000010010001111111110100100000000000111110011111111100000000000000001101010000000001010101111111111111101010000000000100100
00000000000000100000000001000011111111111111110111111111100010010000000010100100000000000001111100000000000001010000000001101111
