


11111111011010011111111111100011111111110101100011111111010110001111111100111111000000000110000100000000001100100000000001010011
11111110110000011111111111101111111111110000001011111111101010111111111010100001000000001000101100000000011001011111111110101111
11111111001011110000000001001111111111110000110100000000001011101111111011001011111111111111011000000000000100001111111110000111
11111111100111111111111111100101111111111001010000000000000100101111111100011100111111111101110000000000010101011111111111111001
11111111101110111111111101110010000000000001101000000000000001101111111101010101000000000001100100000000010000001111111111110100
11111111010000110000000000001101111111110001001011111111101100101111111100000011000000000011001100000000001001100000000000101001
11111111001110001111111111100111111111110110101011111111110110101111111100010001000000000011011100000000100111101111111101100110
11111111001111111111111101110010111111111001010111111111010111001111111010100010000000000100110000000000100001110000000001011100
11111110110110110000000010000011111111101010111011111111110111111111111010011111000000000010010100000000000010010000000000011011
11111111001011111111111101001100111111111010100111111111011011001111111011100010000000001000100100000000100101010000000000001000
11111111000010000000000000110000111111110111001000000000000100101111111100101110000000000110110011111111110111001111111111101100
11111110111010110000000000001011111111110101101011111111111000001111111011110000000000000111101100000000000000110000000000010001
11111111011101001111111110100101111111110110000111111111110100111111111011000100000000000000011000000000101101010000000000001111
11111111011000111111111110100101111111110100111011111111110010011111111100101011000000000100100000000000001110001111111111010100
11111111000000100000000000011011111111110110000011111111110001011111111100101011000000000111110100000000100111011111111111011100
11111111010001110000000000011011111111110001001100000000000010011111111011011111000000000000010000000000000111011111111111101111
11111111001100101111111110000111111111111001100011111111110110101111111011101001000000000101111100000000100001001111111111000110
11111111010110011111111110010011111111110101100111111111110111101111111100010000000000000101011011111111111001010000000000001011
11111111001000101111111110100000111111110011101011111111101010011111111100000110000000001000111111111111101101110000000000100010
11111110101100000000000001100011111111110011100000000000001010101111111010100100000000000101001100000000001000001111111110101011
11111111100111011111111110000110111111111101010100000000000101111111111100010101000000000001000000000000001111100000000000101111
11111111000101100000000000010111111111110111111011111111101010001111111101011000000000001000011111111111111011010000000000000010
11111110111110101111111110100011111111111100111111111111110101001111111011111101000000001001000100000000100111001111111111100010
11111110110001001111111111110000111111101100111011111111101101101111111001000011000000000101111000000000010000100000000000100101
11111111010010101111111111011110111111110110001011111111101010011111111100010110000000000011110100000000010011001111111111111001
11111111100101101111111111101000111111110010000011111111110101111111111011000101111111111100011100000000010111111111111111100101
11111111010101011111111111100101111111110010010011111111110111011111111100001100000000000010011100000000001011001111111110111001
11111111001000111111111111101010111111110110101011111111101000101111111100111100000000001000000100000000000000101111111111011111
11111110110010111111111111110111111111110100011100000000001101011111111010001111000000000101100100000000010110111111111110101001
11111111000100001111111110010111111111110001111011111111111001101111111010001100000000000100011100000000000001101111111111011111
11111111000111111111111111010011111111110000101111111111101110011111111010000110000000000010001100000000111010101111111111101111
11111111010111110000000000001100111111110110001011111111110011001111111100100101000000000000100000000000111000111111111111001011
11111111010100011111111110110100111111110110001111111111110011111111111011110101000000000010001000000000011101001111111110110101
11111111010110001111111101100010000000000001010111111111110100101111111101000001000000001000000100000000100110101111111110110101
11111111011011001111111110111001111111110011110011111111110110101111111100000100000000000010011011111111110011000000000000101011
11111111000010000000000010001000111111101100100111111111111011101111111011010100000000000001000100000000010001111111111111111011
11111111010011101111111110010110111111111000100011111111100111011111111100110011000000001000111111111111101011010000000001010011
11111110111010110000000000100111111111110011000011111111101010001111111011110111000000001000010000000000001110111111111110101010
11111111000011100000000001110000111111101010010111111111110110101111111010011001111111111111110000000000001010101111111111101101
11111111100001001111111101011101111111111011111100000000000100111111111011110001000000000001111100000000100000101111111111010111
11111111000111010000000000101011111111110101011111111111110110101111111011001011000000000001000100000001001101101111111111010001
11111110111001000000000000010101111111110100001011111111111101101111111010011000000000000100100100000000010010011111111111111110
11111111010010001111111111000111111111110001111100000000000110111111111010111100000000000000101100000000011111011111111111011101
11111111100000011111111111111011111111111000001100000000000001011111111100100001111111111110101100000000110111001111111111011110
11111111001110100000000001100011111111110100001111111111110011011111111101001010000000000011001000000000000010101111111111100100
11111111101111111111111111100011111111110000111111111111111100101111111011001101111111111000111000000000101011010000000000000100
11111110110100111111111111101011111111111100001011111111110110001111111100001000000000001010111100000000010011101111111111101110
11111111001000011111111110001000111111110011110111111111110111011111111001011110000000000011010100000000011110010000000001000001
11111111001001111111111110011101111111110111001011111111111101011111111011100101000000000101111100000000000011001111111110111010
11111111110101101111111111101111111111111010100000000000001100101111111101010100111111111011000000000000100011101111111111010111
11111111010000010000000000000011111111110101110100000000000100001111111010101100000000000000100100000000100100000000000000011010
11111110110111000000000010100001111111101110000011111111110011001111111011010111000000000010110000000000011000011111111110100101
11111110110100000000000001000000111111101011100011111111101101101111111001110011000000000100101000000000000001110000000001011110
11111110111011000000000001000111111111110000010111111111100100011111111011011000000000000110011011111111110000010000000000000111
11111111011111000000000000001000111111111010101111111111100100111111111101001100000000000010000100000000100101100000000000000001
11111110110001100000000000000011111111110001000111111111001100111111111011110110000000001100011100000000010000001111111111110110
11111110110000010000000001100000111111110011001111111111011100111111111101001000000000001100111100000000010100111111111111000111
11111110111100111111111111011011111111110111000011111111111101001111111011110011000000001000100000000000000111101111111110110001
11111110111100110000000000111101111111110000010111111111111111011111111011000101000000000010010100000000111110111111111101110111
11111111100001111111111100101101111111111001001011111111101010011111111011000110000000000010100100000000101001110000000000010110
11111110101100010000000001110111111111110110011011111111110110001111111100001011000000001001010111111111110110111111111111001010
11111111001110001111111110100101111111110110111011111111101101111111111011101111000000000111000000000000000101100000000000011101
11111111000001101111111101101110111111110110110011111111101011011111111010011100000000000110111100000000100011101111111111101001
11111110111101000000000000010110111111110111110111111111100011001111111011100001000000001000010100000000011000110000000001000100
