#................#
#................#
#................#
10010000000001010000000000000110
11010000000000000000000001001001
00000000000100000001000000000000
00000100010101010000000000000000
00000000000000010000000000000000
00000000000001010000010100000000
00010000000000000000000000000000
00000000000000000000000000000000
01101001101110010101000000000000
00000000010101000110010000010000
01101001011010010000000000000000
01100100010100010000000000000000
00000000000000000000000000000000
00000000000000000000000000000000
00000000000000000000000000000000
00000000000001000000010100000101
