


11111111011111101111111111001100111111111100111100000000000001110000000001010000111111111110101100000000000101111111111101001110
11111111111000101111111100011111111111111011001011111111110000100000000000111111111111111100011111111111101101111111111001110111
11111111111101111111111101011101111111111000110111111111110101000000000001101111111111111011101011111111100011111111111010110101
11111111111101111111111101010100000000000001100011111111111000100000000000101101000000000000101111111111110001111111111101010001
00000000000110111111111101101111111111111110110011111111110111100000000001101100000000000001000011111111110111111111111110000010
11111111101101101111111101000100000000000010110111111111101110111111111111110010111111111111001100000000000010011111111100011100
00000000000011111111111100110111111111111110011011111111101011100000000000100010111111111110111111111111101011011111111011010110
11111111011001101111111100110101000000000000101111111111100110100000000010110011111111111110110000000000000001001111111011010101
11111111100101001111111100001101000000000100001011111111011101101111111111011111111111111010101111111111111000011111111010011011
11111111110010011111111100011100000000000000010111111111101001000000000001100100000000000000011100000000000000111111111011101110
11111111111110101111111101011010000000000000010011111111100100001111111111101110111111111010001011111111110111001111111100000100
11111111110100111111111100101100000000000010000011111111011110111111111111111110111111111010110011111111111011001111111011011001
11111111111111001111111101001001111111111101010000000000010111000000000001001111000000000011010111111111101000011111111100100100
00000000000101111111111100001111000000000010010011111111101011111111111111101011000000000010011000000000000100111111111100111100
00000000000000111111111101101010000000000000101100000000000001011111111110110001111111111101111111111111101010011111111100000101
11111111111011111111111100101010000000000000011011111111110011010000000000001110111111111111000011111111110100011111111100000010
00000000001000011111111100010111111111111110100011111111110110000000000000111000000000000000011111111111110000011111111011110110
00000000000011111111111100010000000000000000101011111111101011010000000000011001000000000001000100000000001001001111111100111111
11111111110110101111111100001111000000000000111111111111011011000000000000100000111111111110100100000000010011111111111100010011
11111111111001001111111100101010111111111101010111111111011111010000000000110101111111110111001011111111100000111111111001100001
00000000000111111111111101001001000000000000000100000000000100000000000001000011000000000001111111111111110100101111111101110111
11111111101001101111111101100011000000000011111111111111001100101111111111110010111111111010000000000000001010101111111100001001
00000000000011111111111100010001000000000011000011111111100111111111111111111000111111111101101111111111101111101111111011100100
11111111101101001111111100000010111111111100010111111111111001100000000001011111111111111101000111111111101111101111111001110100
11111111101110011111111100110001000000000011111111111111011101000000000000010001111111111110101100000000000011001111111100001010
11111111110001001111111101101101111111111010010000000000001000000000000010011111000000000001010011111111101110011111111100001001
00000000000000001111111100100110111111111111101111111111101100010000000000010001000000000000011011111111111100101111111100001101
11111111110000011111111101011011000000000000001111111111011000100000000000100001111111111011111100000000000110111111111011111110
00000000001110001111111011101111111111111101001011111111110100010000000000011111111111111100010111111111011110001111111010001011
11111111111110011111111010111001111111111111110111111111011100000000000001011001111111111111011011111111111111111111111010110010
11111111111100001111111100100000111111111101101100000000010100100000000000100111000000000010010011111111100001011111111011000111
11111111111011111111111100110110000000000110001011111111110101101111111110110010000000000001011111111111101101011111111100100000
11111111111100101111111011101010000000000100001111111111011001110000000000010101000000000000101111111111111101001111111011110000
00000000001101101111111101110110111111111010111100000000000010000000000001011110111111111111111011111111101011101111111100110010
11111111110110001111111100000000000000000100001111111111011011100000000000011000000000000000011100000000010000101111111100111011
11111111110000101111111101000001000000000010011011111111110101011111111111000010111111111100110111111111101101111111111011010100
11111111101111111111111101101110111111111110001011111111101000110000000001011001111111111101110000000000010010011111111101001100
11111111110001001111111110011111111111110111001111111111110111110000000001101000111111111010000011111111101100011111111010101000
11111111100111111111111101000001111111111101111111111111110011000000000000110011111111111100011111111111101111011111111010100011
00000000010100101111111100100000111111111101001100000000001010000000000001010010000000000011100111111111101011011111111101000010
11111111111011111111111101010001000000000001011100000000010000011111111111011100111111111111110111111111010011101111111011010011
11111111110100011111111100101110111111111110000111111111110001010000000001000110111111111011000011111111100111101111111010011110
00000000010001011111111011100100000000000001001000000000000111001111111111100010000000000011100011111111101011001111111100001111
00000000000111011111111101000111000000000100000000000000001001111111111111000010000000000010101111111111100100011111111101001100
11111111101001011111111110000001000000000010011011111111011011101111111111110100111111111010101111111111111110001111111100001001
11111111111010111111111100011000000000000011010100000000001001110000000000010010000000000101111011111111110000001111111101000111
11111111111010111111111101011101111111111110111011111111101000100000000000011101111111111001011011111111101101011111111011001011
11111111111101011111111011111110111111111101000000000000001110000000000001101100000000000001100111111111101011001111111011011001
00000000000110101111111100000100111111111101101011111111100011010000000001010010111111111110011111111111111010101111111011100011
00000000001010011111111101010111000000000011111100000000000010011111111111100110000000000011011111111111101100101111111110010000
11111111111111001111111110001000111111111001001000000000100101000000000001100001111111111111001011111111010110101111111100000000
11111111100110101111111101010001000000000000101011111111011101111111111111111010111111111001001011111111101010111111111001111011
11111111100000011111111100010110000000000001011111111111101011000000000000011010111111111011011111111111111010111111111010011011
11111111010101101111111101110011111111111101000011111111010000100000000001111111111111110111011100000000000100111111111010010110
11111111100100011111111111000011111111111111100111111111110110110000000001001011111111111101100111111111110011111111111100110010
11111111011100111111111101110111111111111101000011111111100001110000000000111011111111111010010000000000000011111111111010011101
11111111101100011111111111011000111111111010000011111111111010101111111111110110111111111000100111111111110000001111111011000111
00000000000110011111111100111101111111111011010111111111101110010000000000111001111111111011111011111111101111101111111011001011
00000000001010111111111100001010000000000001001000000000000010001111111110101011111111111111110111111111010111101111111010101000
00000000000000001111111100001111111111111110110100000000000110000000000001110100000000000101010011111111111000111111111100110001
11111111100101001111111101111101111111111110010111111111001001000000000000111001111111110011110111111111110101001111111010000010
11111111111000001111111101101000111111111010101111111111111111000000000001101111111111111110101011111111111010111111111100010010
11111111111100011111111011011011000000000000010111111111101001100000000001001111000000000000001111111111110110101111111010110110
11111111100000011111111111001000111111111010001100000000000100100000000001110101111111111001100011111111101010111111111011010001
