


11111111110000011111111110011011000000000001001111111111110001000000000000110100000000000000101111111111111101101111111111001010
11111111011111101111111110010110111111110100111111111110111000010000000000101000000000001001010000000000010101001111111101101111
11111111100101001111111111101101111111110110101111111111000010101111111111100101000000000010101000000000001110011111111111010111
11111111101010001111111111101001111111111010011011111111011100011111111111011101000000000101111000000000000011001111111111101110
11111111011111010000000000101101111111111001111011111111010101101111111110110011000000000110011000000000000011111111111110111011
00000000000011011111111110101111111111111010011111111111100110000000000001000100000000000101011100000000000011001111111110110110
11111111100010001111111110110011111111110110011011111111000011010000000000001110000000001011110000000000010101111111111111001100
11111111010011001111111111101110111111111011111111111111001100001111111111011101000000000111100111111111101100101111111111010011
00000000000101001111111110111100111111110110001111111111010100010000000001001010000000000100110011111111110111101111111111000001
11111111011011111111111111001111111111111000011111111111000111010000000000000011000000001100001000000000000101101111111110000110
11111111111011100000000000001010111111110100110011111111001111000000000000011000000000000100001011111111111110101111111101111110
11111111110110111111111111111000111111110100101111111111001010100000000000011111000000000110010111111111111010001111111101111000
11111111001111111111111101110100111111111100000011111111010010101111111111100000000000000111110000000000010110001111111110111001
00000000000101101111111111001000111111110111000011111111011101000000000000111100000000001010110100000000011000101111111110000000
11111111100100111111111101010110111111111000011011111111010010000000000000111110000000001001001100000000010001111111111110001111
11111111111001011111111111001110111111110111100111111111010110110000000000010011000000000101011100000000001010111111111110110110
11111111011011001111111111000111111111110101101011111111000000011111111111110000000000001011101000000000010100111111111101111000
00000000000110100000000000000100111111110110010011111111011010100000000000100000000000000111100000000000010000111111111101011000
00000000010000100000000000011000111111110101101111111111011010000000000001000010000000000110101000000000000111001111111101000011
11111111011101011111111111111111111111110001100111111110101101011111111111101011000000000101101011111111111011111111111110100000
11111111100001101111111111111101111111111001011011111111010111011111111111000000000000000110000000000000000111101111111110011000
00000000001001000000000000010110111111110111011011111111011100010000000001000101000000000101101011111111101111111111111110101100
11111111011001001111111111001100111111110011110011111110111011001111111111111011000000001101011000000000000101001111111101110000
11111111011110011111111110011100111111110110011011111110111101100000000000001111000000000110000000000000001001101111111101101101
11111111111010111111111111100001111111111000110111111111011010100000000000101010000000001000110011111111111101001111111111001100
11111111011101111111111110111000111111111101101111111111011001001111111111011101000000000011000000000000001101100000000000000110
11111111111111101111111111001101111111110111011011111111010111110000000000101101000000001000010000000000010101001111111110101000
00000000000000000000000000000001111111110111101011111111010110100000000000111000000000000110011011111111111110111111111110011100
11111111010110001111111111001011111111110000011111111110101010001111111111100011000000001010001000000000010100011111111101011011
11111111110111010000000000011001111111110010010011111110111110010000000000000011000000001010010000000000001101111111111101100001
11111111001100101111111100101110111111111010000011111111000111000000000000001000000000001010100000000000011100011111111110101100
11111111101010011111111101100011111111111010000011111111011011110000000000101111000000001100100100000000001100011111111111111011
11111111110110001111111111101001111111110101100111111111001100110000000000010110000000001101001000000000001010001111111111000011
11111111001000101111111111010010111111111000000111111111000000101111111111001100000000001010000100000000010100011111111101111101
00000000010011100000000000100110111111110111001011111111100011100000000000100111000000000110011100000000000001011111111110010000
11111111111011001111111101111001111111111000101011111111011011000000000001000111000000000100111100000000000101111111111111010010
00000000000010010000000000101000111111111001111011111111100010000000000000011011000000000010001011111111111100101111111101011101
11111111011100011111111110101011111111111001001111111111000100010000000000011010000000000011010000000000001100001111111110100100
11111111110011111111111110011111111111111001011111111111010011110000000000101010000000000010111000000000000100111111111111100100
11111111010100101111111111010010111111110111001011111111000110011111111110111111000000001010010100000000011100101111111101111110
11111111000010011111111100011000111111111010011011111111000110110000000000000001000000001011011100000000001111011111111111110101
11111111011000101111111111010010111111110101100111111110111011011111111111101001000000000101110011111111111110011111111110011011
11111111101100001111111110000101111111110101100011111111001101010000000000001100000000001011010100000000100010101111111101111010
11111111011111011111111101100100111111111010011111111111011011000000000000000011000000001010110000000000010010011111111111101010
00000000000100101111111111101001111111111001110011111111100010000000000000111100000000000011100011111111110101001111111111110010
11111111101101111111111101111000111111111101000011111111100111100000000000000001000000001000101000000000010011110000000000010011
11111111010111101111111111100111111111110100101011111110111010001111111111110111000000000111100111111111111011001111111101101110
11111111001110111111111110011111111111110111110011111111000001001111111111010011000000000111110100000000010001001111111101100111
11111111101111110000000000011101111111110011010011111110111111111111111111110110000000001001001000000000010000001111111101100101
11111111101101101111111110111100111111111011001111111111100110001111111111100111000000001000001100000000001101110000000000001011
11111110111111001111111101110100111111111011101111111111001000011111111110111100000000000010011100000000001111011111111110110101
11111111110000101111111110011111111111110111010111111111001010000000000001000000000000000110001111111111111100010000000000000001
11111111111000001111111110110001111111110111110011111111010010000000000000110111000000000011011011111111110111101111111110010100
11111111111011110000000000100000111111111001000011111111010001000000000000101010000000000000010011111111101010101111111111001101
11111111011011111111111110110000111111111111100111111111100001111111111111111111000000000100001011111111110100110000000000100110
11111111110000111111111110011010111111111010000111111111010000110000000001100100000000000101111111111111111111101111111110010010
11111111100110011111111101011101111111111010111011111111010010100000000001100011000000000011010100000000001001101111111110010011
11111111100100101111111111101100111111110011101111111110111011010000000000000000000000000111011000000000010000101111111101011011
11111111011010001111111100100111111111110101001011111110111111000000000000101111000000001110001000000000100001111111111110111100
11111111010110111111111110110000111111111010011111111111001111111111111111011101000000001011010000000000010110001111111110010010
11111111101111100000000000110010111111110100011011111110111110000000000000010110000000000010011111111111100111001111111110110110
11111111100100011111111111011010111111111001101111111111010000111111111111111010000000000011111000000000001010111111111101101110
11111111011011011111111111001011111111110100100111111110111001101111111111111010000000001101011000000000001101101111111101101110
11111111001000011111111110011101111111111101001111111111001100001111111111110010000000000000100111111111110010111111111110111000
