


00000000000111001111111101101111000000000110010000000000011011010000000000001110111111111111111011111111110011011111111101101110
00000000000101011111111111111001111111111110010100000001001101011111111111000111000000000000111011111111100011111111111101000011
00000000001110111111111111111110111111111011110100000000111011010000000000010000111111111001100011111111010010111111111110100111
00000000100010010000000000100001111111111010011100000000011110010000000000101111111111110111101111111111110000111111111110011111
00000000100001100000000000110101111111111000111100000000010001010000000000000011111111110111001011111111110110111111111110111000
00000000000110101111111110111011111111111111001000000000101000111111111111100010111111111111100011111111110101111111111110001000
00000000010011100000000001010001000000000000000100000001000011011111111111101001000000000000010111111111101011111111111101111011
00000000111110011111111110101000000000000000001100000000100011100000000000110001111111110010110111111111101010011111111100110010
00000000001010011111111110111011111111111011101100000000111000111111111111100001111111111100101011111111100101011111111101111011
00000000100010001111111111111000111111111111001100000000101111111111111111011000111111111100000111111111111000011111111101000110
11111111111000000000000000010000111111110111100000000000100110101111111110011100111111111111101011111111110000001111111110111110
00000000000100111111111111111000111111111000011000000000101011111111111110100110111111111101110111111111110000111111111110001111
00000000100100000000000000010110111111111100001000000000110000100000000001011101111111111001010011111111110000001111111100110000
11111111111111000000000000001001111111111101010100000000101110101111111110100001000000000010111000000000000000001111111110101001
11111111111100010000000001000101111111111101101000000000111011111111111111100100000000000101111111111111111011011111111101000110
00000000001100001111111111110100111111111010010000000000101110111111111111110101111111111011111011111111101011011111111110011010
00000000010101100000000001000111111111111001110100000000110110111111111111011011111111111101001111111111110100011111111101100011
11111111111101011111111111100000111111111001001000000000100010101111111110010000111111111111000111111111111011111111111110111110
11111111110101011111111110100011111111111011011000000000100011101111111101011110000000000000110011111111111010001111111111000001
00000000010001010000000000110010111111110110010100000001000001011111111111011010111111111001100011111111010111001111111101111100
00000000011101110000000000101011111111110101010000000000010100100000000000010011111111110110110011111111111001001111111110010100
11111111111111011111111111010000111111111111010100000000100001011111111110000101000000000001011011111111110110111111111111000010
00000000010111100000000001110010111111110111101000000000110101001111111111000010111111111110001111111111111011111111111101010000
00000000010100001111111110111000111111111010001100000001000010011111111111111111111111111001100111111111011111011111111100100111
00000000010110001111111111101000111111111111110100000000101001111111111111010101111111111101101011111111110101111111111110010001
00000000100110111111111110111111000000000001000100000000101101010000000001101001111111110110000111111111011100111111111101110100
00000000000011111111111111110111111111111110011000000000110100001111111111000101000000000000011111111111110001011111111110101010
11111111111111101111111111001111000000000000011000000000101001101111111110010010000000000001011111111111110010101111111110110011
00000000001110110000000001101100111111110010111000000001000111001111111111010110111111111011011011111111100100011111111101011010
00000000010011101111111111101011111111110111100000000000110111101111111110100010111111111001011011111111101010001111111110010110
00000000011111110000000000100010111111111101101100000001001000010000000001010110111111111100101111111111101100011111111011111001
00000000011100100000000001011010000000000000001000000000111000110000000000100111000000000000110011111111111101001111111101010010
00000000011110000000000000101010111111111101011100000000110101111111111111001111111111111100101011111111110101001111111110010010
00000000010100100000000001100110111111111011010100000000101100001111111111101001111111111110000111111111110110111111111101101000
00000000001001011111111110110111111111111010010000000000011011011111111110100001111111111011101011111111111001001111111111010100
00000000000101001111111111101100111111111101010000000000111010110000000000001011111111111111111011111111101010011111111101101011
11111111111011101111111110000110111111111100100000000000010001101111111110001111111111111101110111111111110111111111111111000000
11111111111111001111111111010010000000000010011100000000111111011111111111100100000000000001001011111111011100101111111101101000
00000000010000011111111110101100111111111111100100000000111101010000000000100010111111111011001111111111011010011111111101101110
00000000011101000000000001011111111111110110010000000000101010110000000000001100111111111001010111111111110110001111111101110011
00000000101000110000000001111101111111111101111000000001000111110000000001111111111111111101100011111111101111011111111011101111
00000000011010100000000000001011111111110111110000000000110111100000000000000111111111111000001011111111100000111111111101010010
00000000001101010000000001001110111111110110011000000000111011111111111111111100111111111110000011111111110111101111111101100010
00000000011110000000000001110111111111111011100100000000110001010000000001001011111111111110000011111111111100101111111101010010
00000000000101011111111111010011000000000001001100000000100110111111111111010100111111111111111011111111101100111111111110111100
00000000101100010000000000001000111111111110001100000000101101110000000001110111111111111000001011111111110010101111111101100011
00000000001011010000000000111100111111111000010000000000110000011111111110111011111111111110000111111111101111101111111101100011
00000000100011111111111111111100111111110101111000000000110011110000000000110000111111110101110111111111101011001111111100011111
00000000001010010000000000010101111111111000010100000000110001111111111110011100111111111100010011111111101101001111111110101011
00000000100000100000000001100100111111111010101100000000011111000000000001000101111111111010101011111111111011001111111110100110
00000000011111000000000000011110111111111000001000000000110000010000000010000010111111110110110111111111100001101111111100100100
00000000001111011111111111110011000000000010000100000001000111001111111111111111111111111111011111111111011101001111111101101101
00000000001101111111111110001101111111111011000000000000110100001111111111110000111111111010011111111111100101001111111101010001
00000000001011101111111101011110000000000010011000000000101011101111111111000011111111111010110011111111011000101111111110100110
00000000100100101111111111100101000000000101001000000000100001100000000001001100111111111011011011111111101101011111111101101000
11111111111100111111111110001000000000000111001000000000111101011111111110101011000000000100110011111111101010111111111101010000
11111111100111011111111111010100000000000101111000000000111111111111111111000000000000001010001111111111101011101111111101010001
11111111111110110000000000100101111111111000111000000000111000101111111110100101111111111111100011111111101001111111111110001100
00000000001111000000000010010001111111111100100100000001011000110000000000011100000000000011011011111111101111011111111100100010
00000000101001110000000000001001111111111100001000000000101011000000000000100010111111111000011111111111111000101111111101000100
00000000000101001111111111011111111111111100111000000000110000111111111110011111111111111101001011111111011011101111111110101100
00000000001000001111111111000101111111111100000000000000100110001111111111011110111111111100010111111111101101101111111101111000
00000000100001000000000000100000111111111010001100000000111100111111111111010101111111111010110011111111110001111111111101000001
00000000010111011111111110111011111111111111110000000000101001110000000000111000111111111010011111111111100010001111111100100110
