#time0row7[msb-lsb],time0row6[msb-lst],....,time0row0[msb-lst]#
#time1row7[msb-lsb],time1row6[msb-lst],....,time1row0[msb-lst]#
#................#
00000000000100000000000000000001
00000000000100000000000000000001
00010000000000010000000000000000
00000000000000000000000000000000
00000000000000000000000000000000
00000000000100000000000100010010
00000000010000000000001000010101
00000000000000010000000100000010
00000000000000110011000100000000
00000000000100100010000100000001
00000000000100010000000000000001
00000000000100010000000000000001
00000000000100010000000000000001
00000000000100010000000000000001
00000000000100010000000000000001
00000000010100000000000000000011
00000000001100000000000000000010
00000000000000010111000000000000
00000000000100010011000000010010
00000000001000000000000000010011
00000000000000100010000000000000
00000000000000010011000000000010
00010000000000100001000100000000
00010000000100010000000000000000
00010000001000000000000000000000
00000000001000000000000000010010
00000001000100000000000100010010
00000001000100000000000100010001
00010000000000100100000100000000
00000001001000000000000100000011
00000000001000000000000000010010
00000001000100010000000000000010
00000000000000100000000000000001
00000000000000100000000000000000
00000000000100010000000000000001
00000000000100000000000000000001
00010000000000010000000000000000
00000000000000000000000000000000
00000000000000000000000000000000
00000000000100010000000000010010
00000001001100000000000000010101
00000000000000100001000000000000
00000000000001010010000000000000
00000000000100010000000000000001
00000000000100010000000000000001
00000000000100010000000000000001
00000000000100010000000000000001
00000000000100010000000000000001
00000000000100000000000000000010
00000000001100000000000000000011
00000000000100000001000000000000
00000000000000100101000000000000
00000000000000000001001000010010
00000000000000000000000000100001
00100000000000100001000000000001
00000000001000000000000100000001
00010000000100010000000000000001
00100000000100010000000000000000
00100000000000010001000100000000
00000000001100000000000100010011
00000001001100000000000000100011
00000000000000010010000000010000
00010001000000010001000100000001
00000000001000000000000100000001
