#..........................#
#..........................#
#..........................#
11100010000000100000000111100000
00001110111000010010000100101111
00010001000101000100111000001111
01001111000011100011001011100011
00100010001111000011111001000000
00110000111100000001001000011111
11000101110111111100001011110001
00000000010000110011000011110000
00010000000000010001111111101111
00101100000011100010000011101110
11010000111011010001111011010010
01000010000000010101111111110100
00001110000100011011101100101111
11010000111000100001111111011011
00010101000011010100000000101111
00011110001101001100000100000011
