#......#
#......#
#......#
01011101000100001100111001001011
11000000110100110011000100111101
11000000000100100001010011100011
11011110110100000111001111001111
00100000111101010011000111101111
11110011000100011110110110110000
11010000110000001110000111101110
11000001010001001011010011100010
11111011000100100001111000111011
11111110001100101111000111111101
11001101111000010100000011111111
00110110101100001110111011110000
00110000111111111101000000110000
00010011000101100000111010110100
11110010000100001110110001011101
00010001110000011111111011111100
