#......#
#......#
#......#
11111111000111101111110000011110
11110010000000110000111011100000
11001100111101011111000100001100
11100001000000000000001100000000
00101110111011111101110011101101
00000011111100110001001111010100
11010000010011100001010000110101
00010000111100010010001000010000
00011100111111111101100100000011
11111110111101010001001100101101
11010010111100010100111100100000
00010010111000010000110111111111
11110001000011100000001000001101
00000101001101001101111111010001
11100010010011110010110111100011
00101011000000100010000100111101
