#......#
#......#
#......#
00010000001000110011001101011101
00010010000000001101000000010010
11101111001101000101110011000100
11101011001011110000111011100000
00001111110111010000111011011111
01000010000100011011010110100100
10111111000111100001000100001110
00000001010011000011111100100001
11110101110111001111111011100001
01001111001111001111000011110010
01000001000111100000111111001100
11000100000000010100000011000010
11001101010000100100000000110000
01000001000100001110000011000010
11100010001100111101110100100011
10111111001100001111110000010000
