#..........................#
#..........................#
#..........................#
00010100000100101110000011010001
00111110000011011111010111100100
11011100000111111110100100010000
00010010111100100000111011000000
00100001011011110011010011010001
00110010000100110110111100101100
00011101111011101110110111000001
10010000110101011100011000001100
01000000110101100000101111011111
11001110110100111111001111000011
11101010010100100001111101000101
11110000110100010001001100010010
00010001000100110001000100010010
11110010001111010010110000100101
11111111110111001110000100000100
11010100110111011101101011000000
