#......#
#......#
#......#
01001111111100011100111001011110
00010010001000000000111100100001
00110010000000101101110100010001
00001110110000000010110111111101
11101110000010110001111011101011
00011110110001000101010111101110
11110011001111101101001000110001
10110011000100010101001100010000
11101101010011100010110111010000
11111101111111101110010111111110
11100100000111011100110100110100
01001101111011000110001100110000
11001110001100000000001000100010
11110011110011010011111000011111
00101101101001001100111000110010
11111101110100111111001011100000
