#......#
#......#
#......#
00110001001000001101111000110011
00011111010001000000001100010000
01000000111000000111001110110000
00001110001111010101001000001111
11100010001000111111010000110001
11110001111000000000000111111101
11000010110100000111000111111111
10111110000011101101001100110000
11001110110111110101111100011110
00000011001111111110111100011011
00100010001000010010000000100000
10110100111100000110011011010000
11101100001101100010110101000001
11100010000111010100101011110001
11011110000001000010001000101110
11110000000111000110111000011101
