#......#
#......#
#......#
11110000000001001111010000100000
11001111110100110000000100000001
00011110001111110001111011010000
11111101000011000011110111101100
00110001111011001101001111011011
11110000110000010001111011010001
00001110111000101100010011000000
11011110000100100000000011100000
00101011001000110000000011011110
00010011010011110000000111010101
01000000000000001101010011010101
00111011001000100001000100101101
00000010000110110001000100101110
11010110110101001101111000101110
00011101110000011101110011110101
01110000001001010000111111100100
