#..........................#
#..........................#
#..........................#
11110100000000101011000000110101
11000010001000011111111101010010
11011111010000101111001100011011
11100000000011010010000011101101
11100010110000010001010111010001
00111110111011100001000111011111
00000011001100101110000110111110
00110001010111110001110100010100
00001101110111011111110111100000
00010010001000111111000101011110
00010011000110111100000000010000
00110000000111111111010000011101
11001110000111101101110000100001
11011110010001010100111000000011
00001101000000011100111000111100
11100000010110111110110101000011
