#......#
#......#
#......#
00000000101100010011110100111101
10010001110011001101111000000100
00110010000000110011110111111111
11111110000001000010110100000010
11010010000011100001001011101101
00100010111111010010110100010100
11110011010011111110110111010000
11010011010111110011110111010001
00110000000100000000000000001101
11100001000100010010000111000010
00010100111000100001001011010000
11110011010100011110111111111111
11101110001111010000110101010001
00110011101100100001001011011110
11101100110100100001000100100000
00100100010100000000001010010011
