#......#
#......#
#......#
00100000110101000100111011101011
11100010000100101101010000011011
01100001001111100100000010110011
00101101110100100001001111110001
01011101001000010001001011101110
00011100111001101100001100001111
10101110010101000101111000010000
00000000000101010001010111101111
11000011000100111101111000011011
00001110000101001100001100010001
11110010010111100001111111101011
00100010111111000100000100000011
11001111111100000010110100011110
00110000011000010100101111111101
11001111110100011100101101001101
01010011000000101111110000011111
