#......#
#......#
#......#
00100000101011100001001100110000
11001100000000010001001111000010
11100000000100111110000100100100
00010010000000100001111111101111
11101111111111111110110111110000
11110011000111011111001000110000
11100011111100000010111000011100
00110001001111110011110100110000
00011111000100010100111000001110
11010010000001000001001000001111
11100010000000001101111100100101
00011111000000010000010100110000
00100001000011111111111101011110
01000010110100101100001100101100
00011111111000011100111011001111
00010000000100000010111011101100
