#......#
#......#
#......#
00111110000100111111110011101101
00000100001011101101111000000001
11110011010000110001010000101111
00100001000011000001001011000001
11110001111101001111000111010000
00000001000011110000001011010101
00000000010011110010000100010000
11110000000011011111111011100011
00000010010010110101001100000000
11110010111000011100010000101111
00111111111111010100110011101111
11010010000100101110111111100011
00011101111000001011111101001110
00111100111100000000111111111110
11010110001101010010111100100001
11000001000111100011110011111110
