#......#
#......#
#......#
11010010110111011111001011101101
00000000000011000000001000000011
01011110001111111111001011110000
00110001001101010011000110110001
11111101000011001111001000001101
00101111110100111111110111101110
00100000110100001100111011010000
11010000001000111101000011011101
00010000110101010101110010111111
00110001101011010000000011000001
01000100111011111110000000000010
00111011000111111111010111011100
11010101111100000000111111110001
00100010110010111110011011110000
11110000001111010110000100110101
11110001001001000001011111010011
