#......#
#......#
#......#
00011001000000110011000000101100
11000000101111011110000000001011
00000001111111010000010111110011
00000011000010111101010111001100
11001110001010111101000100100000
11101111010100000010111011100101
10100010001011100001000000011111
00001101001100101110001000000010
00101100001111000001000100111111
01001111001101101101010101000001
11110100000111010100000100010000
11010011110111010110000111011110
11101100110101100000000011001111
00100010001101101011110000011110
10110011111011001011111011001101
11000001110111000000101000111111
