#......#
#......#
#......#
01001101101111110001001011111111
00000000110011100011111011100101
11111110111000110001000011110001
11110010110001111111110011011110
11011101001100111100111000111110
11110011111000000100111011101111
11111111110000010000111111010000
11010100000101000010000111110010
11100011011111100001000111011101
00100010110001101100111111110000
01010001000100011101110111000000
00110001111011010011001000101111
00010100111011101101001000100011
00110011000011110000110100001110
11011101001000111111000111010010
00000011011000000100111011010100
