#......#
#......#
#......#
00111011110111010000000001000000
11101110001011111010111111110011
00100010010100001110110011110001
00011101111111101111111111110001
11010001110111000001010000011110
00010001111101000000111111011111
00111111001000101011110100111100
00100100101111000000000100100100
00010000000111110000000011111110
00000000111100011100000111101011
11010100001000100001110000011111
00101111010011110101111010110001
11101110000111001110000001100101
00110101001111110000000010111011
01001110110011011110001100001111
01001101111001001110001100101111
