#..........................#
#..........................#
#..........................#
11000011010011100010111100010000
11111111110111011110001000110011
11010011110011110001000011010000
00000100111011111101010000010001
11111110111100110000010011110001
00000100110000010000110100011111
00110001110011100000001011110010
00001101010100010010000100001110
00111111000011101101000010110001
00010000010001101110110111010010
00011111111111100010000101100010
11110100000111110011001011111111
00100101010011100000101100011111
11010000110111100011101111010010
01000100111111101101111001000011
00100100110000100100110000100011
