


00000011110010000011000001001001
01101111110011111001101110001000
01101111110000000011111101010110
10000011001100010101101001100111
00100000000001000100110110010100
10001001011010000101000001101011
01001011011010101100111100010110
00110000100101011101111011011111
11101111100000111001000110101100
00100100010111111100110010101011
10001100001001100110001011000010
10011011001110001001001111100110
10010001101010100011110001101000
01011011000111110100010001001010
10100111011011111010001001010001
10101011011001010011011001111001
01100111010011101000110110010110
01011011000111010000001110101010
00111110001011100010000011001100
10111111100000101100110111100011
10000000000101100001100111000101
00111011000101101100000010010111
10010101000011101111101011010011
10111100111010110101100111101100
01011000001101111011011001101011
01000110111000010001111100101100
01011101010110100100011100111010
00011100010010011001010001111000
11011101011010111000111011100011
01111111010010110101110011011110
11000101110111100111110001011001
10110100001110011110011100000111
01101010000110011100110001011100
00010010010011101000111110000000
01101011000001110010001010101110
11101100100101010111000101011000
00001000010010100000000011011001
00011101111110010111101001010100
10101110111000100101011101011100
01110011001111000010111110010101
11110001101010011111110000110011
10111001100101011001101111100110
11101001010011100010100001111000
11010001001110001001100000100100
01011011010100011010001001000111
11000011011101000011101000001110
01110111010010101101100011110000
11000100101011000010110011111010
01001101001110110101110010111000
10100001000000100101100100010101
11000001111001010001110010100010
10011111101100101111100000111000
11011100101101100110000111101101
00011111110000001001011010101100
00100000100100011100100100100110
00001101110111101100001101101010
00101100111011101010000000110000
01011101011011000110101010110011
11111011100011101101101100010100
01010001011011100100111010001100
01001111011100001111011111010011
00110111100110110001011110110111
01111000010111111011111011001011
01010010111101011001011111000011
