


00000000000000000000000000000000000000000000000000000000000000000000000000000000000000011011111000000000000000000000000000000000
00000000000000000000000000000000000000000000000000000000000000000000000000011111000000011000001100000001000110000000000000000000
00000000000000000000000000000000000000000000000000000000000000000000000011110001000000001011101000000000000000000000000000000000
00000000000000000000000000000000000000000000000000000000000000000000000000000000000000101001111000000000000000000000000000000000
00000000000000000000000000000000000000000000000000000000000000000000000000000000000000000101010000000000000000000000000000000000
00000000000000000000000000000000000000000000000000000000000000000000000000000000000000011000001000000000111101000000000000000000
00000000000000000000000000000000000000000000000000000000000000000000000000000000000000101010101100000000011001100000000000000000
00000000000000000000000000000000000000000000000000000000000000000000000000000000000000010111100000000000000000110000000000000000
00000000000000000000000000000000000000000000000000000000000000000000000000011010000000010011111100000000010010110000000000000000
00000000000000000000000000000000000000000000000000000000000000000000000000000000000000011110100000000000001011100000000000000000
00000000000110000000000000000000000000000000000000000000000000000000000001101101000000110110110000000001000011010000000000000000
00000000000000000000000000000000000000000000000000000000000000000000000001001000000000101010001000000000000000000000000000000000
00000000000000000000000000000000000000000000000000000000000000000000000000000000000000100100101000000000000000000000000000000000
00000000000000000000000000000000000000000000000000000000000000000000000000000000000000001100011000000000000000000000000000000000
00000000000001000000000000000000000000000000000000000000000000000000000000000000000000010001000100000000000010000000000000000000
00000000000000000000000000000000000000000000000000000000000000000000000000000000000000101010010100000001011010010000000000000000
00000000000000000000000000000000000000000000000000000000000000000000000000000000000000010010001100000000000000000000000000000000
00000000000000000000000000000000000000000000000000000000000000000000000000000000000000001111111000000000000000000000000000000000
00000000000000000000000000000000000000000000000000000000000000000000000000000000000000010100110000000000100001010000000000000000
00000000000000000000000000000000000000000000000000000000000000000000000000000000000000011101100100000000000000110000000000000000
00000000011010110000000000000000000000000000000000000000000000000000000000000000000000100111010000000000000000000000000000000000
00000000000000000000000000000000000000000000000000000000000000000000000000000000000000001111100100000000100111100000000000000000
00000000000000000000000000000000000000000000000000000000000000000000000000000000000000100000000000000000000000000000000000000000
00000000000000000000000000000000000000000000000000000000000000000000000000000000000000100011101000000001000000000000000000000000
00000000000000000000000000000000000000000000000000000000000000000000000000000000000000011011011100000001001010010000000000000000
00000000000000000000000000000000000000000000000000000000000000000000000000000000000000011110100000000000000000000000000000000000
00000000000000000000000000000000000000000000000000000000000000000000000000000000000000000110000000000000000101100000000000000000
00000000000000000000000000000000000000000000000000000000000000000000000000000000000000011000000100000001101101000000000000000000
00000000000000000000000000000000000000000000000000000000000000000000000010110111000000011000110100000000000101100000000000000000
00000000000000000000000000000000000000000000000000000000000000000000000000100011000000010101111000000001000001000000000000000000
00000000000000000000000000000000000000000000000000000000000000000000000000111001000000010100101100000000000111000000000000000000
00000000000000000000000000000000000000000000000000000000000000000000000001011101000000010110100000000000101100110000000000000000
00000000000000000000000000000000000000000000000000000000000000000000000000000000000000101100111000000001001001110000000000000000
00000000000000000000000000000000000000000000000000000000000000000000000011000000000000000101110100000000100001010000000000000000
00000000000000000000000000000000000000000000000000000000000000000000000000000000000000010000111100000000111110010000000000000000
00000000000000000000000000000000000000000000000000000000000000000000000000000000000000010111011100000000000000000000000000000000
