


00000000000100110000000001111001111111111000001000000000010101110000000001011111000000001000111100000000011111101111111110010100
00000000001101010000000001010110111111110110010011111111110110000000000001111101000000010110101100000000101000111111111100001011
00000000100100101111111111101111111111111011011111111111100010100000000000000110000000001101111100000000010000111111111100111010
00000000010101111111111110111001111111111110111111111111110000011111111111011101000000001100100011111111111110101111111110000011
00000000001000101111111111110100111111111000101111111111110001101111111110111111000000001001011111111111100100101111111111010101
00000000011101110000000000000101111111111111111000000000000001010000000010000011000000010000101100000000100110101111111100110000
11111111111000110000000000000101111111111010101111111111011101000000000000010001000000010011011000000000010110011111111101011110
00000000001101110000000000010000111111110110101111111111101110111111111111000100000000010011001011111111110101101111111101100100
00000000110110011111111110110110000000000101001011111111101100000000000001111011000000010110000100000000101101111111111010111001
11111111111100110000000001000110111111110100111111111111110101010000000000100110000000010101000000000000000101111111111101110000
00000000100000101111111111110000111111111111111011111111110000000000000001100000000000001110110000000000010001001111111100110000
00000000100001011111111111110010111111111110111011111111110000010000000001100010000000010011000100000000010010111111111100010001
00000000000111000000000000100001111111110110001100000000010010010000000000010010000000001111001100000000010000111111111101111110
00000000010001110000000000100001111111111100100011111111111011010000000010011101000000010010100100000000100000011111111101011011
11111111110101010000000000101100111111111100010100000000001000110000000001111001000000010001101000000000101110001111111101000001
00000000101000001111111111011100111111111111011111111111110110110000000001010100000000010000100100000000011010101111111100101011
00000000000100010000000000100011111111110110101111111111110110100000000000101111000000010011100000000000001001011111111101100110
00000000100110100000000000101001111111111011000000000000000010100000000010100010000000010000101000000000010011001111111101010111
00000000101100000000000001000110111111111011001111111111111110010000000011001101000000010010011100000000011010001111111100110011
00000000100011111111111111000011111111111110001111111111010110010000000000000010000000010100100000000000001011011111111011101001
00000000011000011111111111101011111111111001110100000000000110111111111111111011000000001011100011111111110010011111111110100000
00000000010011111111111111111010000000000001101111111111100001000000000001011010000000010000011000000000010011101111111100111011
11111111111100001111111111110111111111111010100011111111101101010000000000011100000000010110001000000000000101011111111101000110
00000000101011000000000000110011111111110111001100000000000111010000000001111000000000010110101100000000100011001111111011100101
00000000010000001111111111101010111111111111011011111111100110100000000000110100000000010010101000000000010010111111111101001001
00000000011001000000000000001111111111111000001011111111111010001111111111101001000000001011111000000000001101001111111110000000
00000000011000010000000000010000111111111100111111111111110001100000000001110101000000010001100000000000100000001111111101001010
00000000010000000000000000101011111111111100110011111111101000010000000001100101000000010000011000000000010110001111111101010000
00000000011100101111111111101100111111111001100111111111101110110000000000111010000000010110101100000000001111111111111100000001
00000000110010011111111111111110111111111010000011111111101000010000000001101011000000010111110100000000001100011111111100001101
00000000000010100000000000101010111111110110101000000000010000010000000001000010000000010101001000000000101000101111111100110100
11111111110101001111111111000000000000000001110011111111101110110000000000011000000000010011110000000000100010101111111101001111
00000000001111011111111111001110111111111110101011111111011001010000000000100010000000010110011100000000001101111111111101000010
11111111101001110000000001010110111111110010000111111111111011101111111111110010000000001101011011111111111000011111111111000101
00000000110100111111111111100110000000000000010011111111110011010000000010000001000000010001010100000000001111001111111100111101
00000000100001011111111111010000000000000011100011111111111011000000000001110110000000010010100100000000110101001111111011101110
00000000100011100000000001100010111111111000010100000000001001100000000010001100000000001011100100000000001001001111111101111010
00000000000011110000000001110011111111110101100111111111110110100000000001001010000000001110010000000000100001101111111101001110
00000000101011111111111111101100111111111111010111111111110011000000000001010010000000010010000000000000101100001111111011110101
00000000001010000000000000010100111111110101001100000000000011110000000000001011000000001111010111111111111010111111111110011101
11111111101011101111111111010110111111111100101011111111111101101111111111100011000000010100001000000000100010101111111100111100
00000000011111011111111111101001111111111011001011111111110001000000000000010001000000010011010100000000001100001111111100001111
00000000011011101111111111101111111111111011111100000000001001110000000001111100000000010100101100000000100001101111111100101110
11111111111010001111111110111110111111111111110011111111111110100000000000000011000000010000010000000000011000001111111101101111
00000000010101101111111111011001000000000011101011111111100001000000000000110101000000001110000000000000011011101111111100111100
00000000011000101111111110110100111111111111101100000000000000010000000000001110000000010000100100000000011010101111111101100000
00000000000011110000000000010111111111111001101011111111101111100000000000011100000000010001110100000000000101001111111101000001
00000000100001010000000000100100111111110100011100000000010101110000000000111100000000010011110000000000001011111111111100110111
00000000011110010000000000011001111111111000100011111111101001010000000001001111000000010011000100000000000101101111111101001011
00000000001000011111111110011001000000000001110111111111110010111111111111011010000000001011101000000000000101001111111110011111
00000000001111100000000000011010111111110101110000000000011001011111111111110000000000001011011000000000001100101111111101101011
00000000010001111111111111001100000000000010101111111111010110010000000000100111000000010100101000000000101100011111111011101010
00000000111000001111111111110111111111111111010000000000000010100000000010001011000000010101010000000000101001011111111011001001
00000000101010100000000000011011111111111101010111111111011101110000000000111010000000001111111100000000010100111111111100010010
11111111110010110000000000000100111111111100001111111111101110111111111110111011000000001010100000000000001000011111111110100001
00000000000001100000000010001010111111110111110111111111111000100000000010011000000000010011011100000000110001011111111100100100
11111111101110110000000010011010111111111000010100000000000111010000000010011100000000001101110000000000111011111111111101000011
00000000010010010000000000111001111111110111100011111111110010110000000001011011000000010001100100000000010000011111111101000010
11111111111000101111111111100001111111111110001011111111110011010000000001001111000000011000011000000000110110011111111100000101
00000000000111010000000000110111111111110011100100000000001010010000000000011101000000010010000000000000000011011111111110010100
00000000011010111111111111101010111111111111111011111111001101000000000000001101000000010000110100000000001010011111111100001000
00000000010110010000000001100101111111110100101100000000001101100000000001011101000000001101010000000000001101101111111101110011
00000000001101100000000000011100111111110110100011111111110001000000000000111000000000011000101000000000001010111111111100110011
00000000000010010000000001010100111111110101111000000000001010011111111111111101000000001011110100000000001110101111111101011111
