


00000000001010101111111111010011111111110111110111111111101110101111111110000010000000000001101100000000001010000000000001001000
00000000000010001111111110011110111111110110010111111111111010101111111100100111111111111001110000000000001011100000000001001001
00000000001110011111111111011000111111111101000011111111101100011111111101010110111111110101111111111111111000101111111111110110
11111111111001011111111110100001111111111111110111111111110000111111111111011101111111111001101111111111101110000000000000011111
11111111100101111111111110011101000000000010101000000000000001011111111111001001111111111000110111111111101010110000000000110100
00000000001110101111111111000001111111110100110111111111101101101111111111010010111111111101001100000000001001000000000001001100
11111111111110101111111110010101111111111110001000000000000110011111111100011110111111110111101100000000000000000000000000111100
11111111110111111111111101001010000000000000011111111111110011001111111101101100111111111001010111111111101110000000000010100100
00000000011110101111111110110000111111110101010111111111101000001111111111101101111111111010111000000000001100000000000001010001
11111111101101111111111101100010111111111011100100000000000100011111111101010010111111111001110111111111111100010000000010010101
00000000000100001111111111001100111111111001111000000000000011100000000000000100111111111011111000000000001110000000000000110110
00000000000010111111111110100011111111111000111100000000000000011111111111110011111111111011011100000000001011110000000001100001
11111111101001101111111110000110111111111011101011111111100101101111111110010000111111111100101111111111101100100000000000001011
11111111111111001111111111000011111111110011010011111111111100011111111110100001111111111001100100000000000111100000000001010000
11111111110111001111111110011100111111111001010000000000000011011111111110101111000000000001110000000000010001100000000000100011
00000000001000011111111111000011111111110111100011111111101010011111111111010001111111111001100011111111111101100000000000011111
11111111101001001111111110000001111111111011100000000000000001111111111101111010111111111001000111111111111010000000000001000110
11111111111100001111111111010010111111110010010011111111110110111111111111011101111111111000111100000000000100010000000001010000
00000000001000001111111111011001111111101111101011111111111011001111111111001101111111111001001100000000010000010000000001111111
00000000000101111111111110010010111111111111101111111111111111001111111110100101111111110111100000000000000010100000000000110011
11111111100011001111111110011010111111111101111011111111110010110000000000010110111111111010111111111111101011000000000000011110
00000000010010111111111110111011111111111010010000000000001100101111111111001011111111111011111100000000010101110000000010001011
11111111100100111111111101010100111111111110111100000000010001011111111110111110111111111011100100000000000001110000000001101101
00000000000001011111111110010001111111110100011111111111100010101111111110001011111111111010010111111111111111100000000001000100
00000000001001001111111110011000111111111010101111111111111101111111111110011101111111111001111000000000000011100000000001111000
00000000000110011111111110111100111111111100101111111111011100001111111101000100111111111000001011111111101001110000000000001001
00000000001001011111111111001110111111110101100111111111110101101111111101111100111111111000010000000000000100010000000000111001
00000000001101101111111111000100111111111000100100000000000111011111111110000010111111111010011000000000010000110000000001110110
11111111101101111111111110000011111111111011010011111111111100001111111110101101111111110111110011111111111100010000000000011100
11111111111111011111111110011110111111110100101111111111110011011111111110010011111111110011001011111111111010100000000001101110
11111111110000001111111101110001111111111000111011111111100101101111111101011110111111111101010011111111110110000000000000010100
11111111111101011111111101110100111111111101110111111111111100111111111110011111111111111101100011111111111111010000000000111100
00000000000001001111111110000010111111111011010000000000000000101111111101110110111111110101100111111111111011000000000001110101
11111111011010101111111110000100000000000001011000000000001111101111111101011011111111111011100111111111111000100000000000110011
00000000001010111111111111001100111111110011011111111111110000101111111111111101111111110111011000000000000000110000000001101101
00000000010101011111111110111100111111110110100011111111101000001111111111011010111111111101111100000000001010110000000000011001
00000000000001011111111111100000111111110100011111111111111001111111111111011100111111111100001000000000001010010000000001101100
00000000001010101111111111001100111111111010110011111111111100101111111100010000111111111100010000000000001110000000000000101000
00000000011100101111111111000110111111110111000011111111011110011111111110000001111111111001111100000000000001110000000000100000
11111111011011011111111110001100111111111100110011111111110111001111111110101001111111111000100111111111101010000000000000010011
11111111101110011111111101001010000000000010000011111111110100111111111110000100000000000000001111111111110111010000000000001010
11111111111011011111111110000011111111111101011011111111110011011111111110111001111111111010001111111111111011010000000000111000
11111111101111001111111110011110111111110100110011111111101010011111111111010110111111111010000111111111110111110000000000001000
11111111101110111111111101111100111111111110111111111111110101011111111111010101111111111110010111111111110101000000000000000111
00000000011011101111111111001101111111111011111111111111111101111111111110110100111111111100000000000000001110010000000001010000
11111111111111111111111110010111111111111001111111111111011000011111111110110100111111111001110011111111100111010000000000001100
11111111101111011111111101111100111111111111110000000000010000011111111110111111111111111101010000000000001001100000000001011001
11111111100100111111111101110100111111111000000011111111100001011111111111000011111111111010101111111111101100100000000000101000
11111111111000001111111110101111111111111000100000000000000000101111111110000111111111110101010111111111111110010000000001010011
11111111110100011111111110100010000000000000100111111111110010111111111111110001111111111011000011111111101100011111111111111110
11111111101000001111111110010101111111111111000111111111100000101111111110111111111111111111001011111111101100011111111111001111
00000000100000001111111110100100111111111100110111111111111000101111111101011000111111111010100000000000001101100000000001000101
00000000010011011111111110100110111111110011100011111111100000111111111111101101111111111100100000000000001000010000000001010111
00000000100101001111111111001110111111111001111011111111110101001111111101100100111111111000101100000000001101100000000001111101
00000000000100011111111110010001000000000100000011111111111011111111111101101001111111111110101011111111111011010000000001000111
00000000010101101111111110110011111111110101011100000000000001111111111100011000111111111110010000000000011101000000000010001010
00000000001110111111111111010110111111111000000000000000001000011111111100110111000000000011101100000000100101100000000000110000
11111111110111001111111110110101111111111001100100000000000100111111111110000010111111111001010100000000000111110000000000110101
11111111111001011111111101110111111111111010101011111111111001111111111101100011111111111100011000000000000100010000000000000111
11111111100010111111111101110011111111111010000011111111101110101111111101110110111111111001001111111111101010000000000001001101
00000000010111101111111110110000000000000000011000000000001110001111111110010110111111111001111000000000010011110000000001110000
11111111110110001111111110111111111111110111100111111111110011001111111110010111111111111100000100000000000000000000000000111000
11111111101101001111111101011110111111111001110111111111111101111111111101101011111111110111011011111111111001000000000001111010
11111111111011001111111110001111000000000000001111111111110101011111111110001011000000000001110000000000000011010000000000111000
