#timeX col7..col0 for kij slice
00000000000001011111111111110000000000000000000000000000000010000000000000000101000000000000111100000000000001000000000000001011
00000000000001011111111111101110000000000000001000000000000001110000000000000011000000000000100000000000000010000000000000001000
00000000000000111111111110111111000000000000000100000000000001100000000000001111000000000001111100000000000111110000000000011001
00000000000000000000000000000000000000000000000000000000000000000000000000000000000000000000000000000000000000000000000000000000
00000000000000000000000000000000000000000000000000000000000000000000000000000000000000000000000000000000000000000000000000000000
00000000000010011111111111100000111111111111010111111111111111110000000000000011000000000000101000000000000000000000000000000101
11111111111111011111111111010111000000000000010100000000000011100000000000000100000000000000110000000000001010110000000000010110
00000000000010011111111110011000111111111111001011111111111111110000000000001111000000000010000000000000001001100000000000011010
00000000000010001111111110101010111111111111001111111111111111100000000000010111000000000011001100000000000100000000000000011010
00000000000011011111111111001001111111111111011000000000000001000000000000001111000000000010010100000000000000010000000000010100
00000000000001011111111111100010000000000000000100000000000001110000000000001011000000000001100100000000000001110000000000010000
00000000000001011111111111100010000000000000000100000000000001110000000000001011000000000001100100000000000001110000000000010000
00000000000001011111111111100010000000000000000100000000000001110000000000001011000000000001100100000000000001110000000000010000
00000000000001011111111111100010000000000000000100000000000001110000000000001011000000000001100100000000000001110000000000010000
00000000000001011111111111100010000000000000000100000000000001110000000000001011000000000001100100000000000001110000000000010000
11111111111111011111111110111110000000000000100100000000000011110000000000010010000000000010011100000000001100000000000000100100
11111111111110101111111111001001000000000000010100000000000010000000000000001011000000000001011100000000001011010000000000010111
00000000000011001111111111010110111111111111010111111111111110000000000000001000000000000000111011111111111110000000000000000011
00000000000001001111111111111010111111111111111100000000000000100000000000000001000000000000001111111111111111100000000000000010
00000000000001011111111111110101000000000000000000000000000000100000000000000000111111111111111100000000000000100000000000000010
00000000000001111111111111011111111111111111101011111111111111110000000000000101000000000000101100000000000001000000000000000110
00000000000001101111111111110001111111111111110000000000000000000000000000000100000000000000101011111111111110110000000000000011
00000000000001001111111111100000111111111111110100000000000010000000000000000110000000000001001100000000000011110000000000010000
00000000000001111111111110100100111111111111001000000000000010000000000000010100000000000011010100000000001000010000000000100101
00000000000001001111111111000011111111111111010000000000000000100000000000001110000000000010010100000000000100100000000000010110
00000000000000011111111111101100000000000000000100000000000010010000000000000010000000000000100100000000000100100000000000001100
00000000000000011111111111100000111111111111111000000000000000010000000000000010000000000000001100000000000101000000000000001001
00000000000001101111111111011011111111111111100111111111111110110000000000000010000000000000000100000000000010010000000000000011
00000000000100001111111111001000111111111110111111111111111101000000000000001010000000000001001011111111111101000000000000000011
00000000000000011111111111111001111111111111110100000000000001101111111111111110000000000000001000000000000010010000000000000110
00000000000000111111111111111101111111111111111100000000000001001111111111111011111111111111100000000000000001100000000000000000
00000000000010111111111111101001111111111111100000000000000000101111111111111110111111111111111100000000000000000000000000000010
00000000000001011111111111000110111111111111101000000000000010000000000000001100000000000010000000000000000110000000000000011000
00000000000010101111111110100011111111111110110100000000000000000000000000010111000000000011100100000000000100010000000000011111
00000000000001011111111111010010111111111111101000000000000001010000000000001100000000000001111000000000000011010000000000010100
00000000000001001111111111110101000000000000000100000000000001110000000000000010000000000000011100000000000001010000000000000111
00000000000001001111111110111010000000000000001000000000000001100000000000001110000000000001101100000000001000110000000000011001
00000000000000000000000000000000000000000000000000000000000000000000000000000000000000000000000000000000000000000000000000000000
00000000000000000000000000000000000000000000000000000000000000000000000000000000000000000000000000000000000000000000000000000000
00000000000010011111111111101101111111111111100000000000000000000000000000000001000000000000010111111111111110110000000000000010
00000000000000100000000000000010111111111111111000000000000001001111111111111100111111111111110000000000000000100000000000000000
00000000000100011111111110111011111111111110111011111111111110000000000000001001000000000001001000000000000000000000000000001001
00000000000011101111111110011111111111111110111011111111111111010000000000011101000000000100001000000000000001010000000000011111
00000000000001111111111111011010111111111111111100000000000010010000000000001111000000000010010000000000000001100000000000010111
00000000000010001111111111011100111111111111110100000000000001110000000000001010000000000001100100000000000001100000000000010000
00000000000001011111111111100010000000000000000100000000000001110000000000001011000000000001100100000000000001110000000000010000
00000000000001111111111111011011111111111111111000000000000001010000000000001100000000000001101100000000000001010000000000010000
00000000000001001111111111101010000000000000001100000000000010110000000000001000000000000001010100000000000010100000000000010000
00000000000000101111111111100100000000000000001100000000000011000000000000001001000000000001100000000000000100010000000000010011
00000000000000011111111111100110000000000000011100000000000011100000000000000111000000000001001000000000000101110000000000010011
00000000000000101111111111010100000000000000001000000000000000110000000000001001000000000001000000000000000101100000000000001110
00000000000010101111111111010011111111111111011111111111111110110000000000001110000000000001110111111111111110010000000000001001
00000000000000110000000000000000000000000000000100000000000001100000000000000000000000000000010000000000000000000000000000000011
00000000000001101111111111110111111111111111101100000000000001001111111111111010111111111111100000000000000001010000000000000000
00000000000010011111111111100001111111111111100000000000000000110000000000000001000000000000011100000000000001100000000000000110
00000000000001101111111111110010111111111111101100000000000010101111111111111111000000000000100000000000000001110000000000001001
00000000000000111111111111101100111111111111111100000000000011001111111111111111000000000000010100000000000101000000000000001110
00000000000011011111111110011010111111111110111000000000000000100000000000010011000000000010111100000000000110100000000000011111
00000000000001001111111110110010111111111111011000000000000001010000000000011001000000000011110100000000000101010000000000100011
11111111111111101111111111110010111111111111111000000000000001010000000000000001000000000000011100000000000011110000000000001001
00000000000000111111111111101010111111111111111000000000000000011111111111111110111111111111101100000000000011100000000000000011
00000000000010101111111111001101111111111111001111111111111101110000000000000100000000000000010100000000000001010000000000000011
00000000000001001111111111001010111111111111100100000000000000010000000000001101000000000001111000000000000100000000000000010011
11111111111111011111111111101111000000000000000100000000000000100000000000000001000000000000001000000000000100100000000000000110
