#timeX col7..col0 for kij slice
11111111111111110000000000001001000000000000010100000000000001010000000000000000000000000000110111111111111101101111111111111110
00000000000000100000000000001011000000000000011000000000000001111111111111111110000000000000011111111111111110000000000000000001
00000000000011100000000001000001000000000000110111111111111111011111111111111011000000000001100011111111111011100000000000000100
00000000000000000000000000000000000000000000000000000000000000000000000000000000000000000000000000000000000000000000000000000000
00000000000000000000000000000000000000000000000000000000000000000000000000000000000000000000000000000000000000000000000000000000
11111111111111010000000000010100000000000000001011111111111111101111111111111111111111111111011000000000000001010000000000000000
00000000000100000000000000001110000000000000101100000000000100111111111111111010000000000001010111111111111011000000000000001000
00000000000011110000000001010001000000000000111011111111111110101111111111111000111111111111111011111111111111010000000000001010
00000000000001110000000001000100000000000000111011111111111011011111111111111100000000000000100011111111111110010000000000000011
11111111111111010000000000110000000000000000100111111111111110000000000000000000000000000000101111111111111110011111111111111101
00000000000000100000000000010100000000000000101000000000000000001111111111111111000000000000111111111111111101010000000000000001
00000000000000100000000000010100000000000000101000000000000000001111111111111111000000000000111111111111111101010000000000000001
00000000000000100000000000010100000000000000101000000000000000001111111111111111000000000000111111111111111101010000000000000001
00000000000000100000000000010100000000000000101000000000000000001111111111111111000000000000111111111111111101010000000000000001
00000000000000100000000000010100000000000000101000000000000000001111111111111111000000000000111111111111111101010000000000000001
00000000000101010000000000111001000000000001001000000000000001101111111111111010000000000010110111111111110111110000000000000110
00000000000101010000000000011111000000000000111000000000000001101111111111111000000000000001010011111111111011000000000000001010
11111111111111010000000000101111000000000000010011111111111100011111111111111111111111111111000100000000000010110000000000000001
11111111111111100000000000000010000000000000001000000000000000100000000000000000111111111111111100000000000000000000000000000000
00000000000000000000000000001001000000000000001100000000000001001111111111111111111111111111110100000000000000010000000000000010
00000000000000010000000000011110000000000000010011111111111111001111111111111110111111111111110000000000000000010000000000000001
11111111111111010000000000001111000000000000001011111111111111000000000000000000111111111111111100000000000000001111111111111110
00000000000000110000000000011101000000000000010000000000000001001111111111111111000000000001001111111111111100101111111111111101
00000000000010010000000001001100000000000000101111111111111110101111111111111101000000000001111011111111111010111111111111111110
00000000000001010000000000110001000000000000011011111111111101111111111111111110000000000000111111111111111101011111111111111110
00000000000001010000000000001011000000000000010000000000000010101111111111111110000000000000111111111111111100110000000000000000
00000000000010000000000000011100000000000000010000000000000000111111111111111101000000000000001011111111111111100000000000000101
00000000000001000000000000100100000000000000001111111111111111001111111111111101111111111111001100000000000010000000000000000101
11111111111110110000000000111101000000000000010011111111111010111111111111111111111111111110100100000000000100010000000000000001
00000000000000001111111111111110111111111111111100000000000010010000000000000000000000000000011111111111111110101111111111111110
00000000000000001111111111111111111111111111111100000000000010101111111111111111111111111111111011111111111111110000000000000000
11111111111111000000000000001111000000000000000100000000000001101111111111111111111111111111010100000000000001010000000000000000
00000000000001110000000000101100000000000000100100000000000000011111111111111101000000000001010011111111111100000000000000000000
00000000000001000000000001010001000000000000101011111111111011011111111111111110000000000001000111111111111101011111111111111101
00000000000000110000000000100010000000000000100011111111111111011111111111111111000000000000111111111111111101100000000000000000
00000000000000001111111111111110000000000000010100000000000010001111111111111111000000000000010111111111111110100000000000000001
00000000000100000000000001001000000000000000111011111111111111111111111111111010000000000001011011111111111011110000000000000110
00000000000000000000000000000000000000000000000000000000000000000000000000000000000000000000000000000000000000000000000000000000
00000000000000000000000000000000000000000000000000000000000000000000000000000000000000000000000000000000000000000000000000000000
11111111111110110000000000001100000000000000000100000000000000000000000000000000111111111111011100000000000001011111111111111111
11111111111111101111111111111000111111111111111000000000000010000000000000000000000000000000000011111111111111101111111111111110
11111111111111100000000001000110000000000000010111111111111100101111111111111110111111111110111000000000000011010000000000000010
00000000000000010000000001100000000000000000110111111111111000111111111111111111000000000001000111111111111101111111111111111100
00000000000000000000000000100100000000000000101011111111111111010000000000000001000000000001101111111111111100001111111111111101
00000000000000000000000000010111000000000000100100000000000000011111111111111111000000000000101111111111111101110000000000000000
00000000000000100000000000010100000000000000101000000000000000001111111111111111000000000000111111111111111101010000000000000001
00000000000000010000000000011011000000000000101011111111111111011111111111111111000000000000101111111111111110000000000000000001
00000000000000100000000000001001000000000000100100000000000001111111111111111111000000000001001111111111111100010000000000000000
00000000000001010000000000001010000000000000101000000000000010001111111111111110000000000001011011111111111011100000000000000001
00000000000010000000000000001010000000000000101100000000000011011111111111111101000000000001100011111111111011000000000000000011
00000000000010110000000000100011000000000000101100000000000000001111111111111011000000000000011111111111111110000000000000000111
11111111111111100000000000101110000000000000011111111111111011101111111111111111111111111111110100000000000000101111111111111111
11111111111111101111111111111101000000000000000100000000000001100000000000000000000000000000011111111111111110011111111111111101
11111111111111100000000000000010111111111111111000000000000010111111111111111111111111111111101000000000000000011111111111111111
11111111111111110000000000010110000000000000001000000000000001001111111111111110111111111111110011111111111111111111111111111111
11111111111111010000000000000010000000000000000000000000000011000000000000000000000000000000101011111111111101101111111111111011
00000000000000110000000000000110000000000000001100000000000100011111111111111111000000000000111111111111111101000000000000000000
00000000000001110000000001011011000000000000101111111111111101011111111111111100000000000000110111111111111101100000000000000000
00000000000001110000000001001011000000000000101111111111111011111111111111111111000000000010010111111111111010011111111111111011
00000000000001000000000000000011000000000000000100000000000001101111111111111111000000000000101011111111111110000000000000000000
00000000000001010000000000010010000000000000001000000000000001101111111111111101111111111111101100000000000000010000000000000100
00000000000000100000000000110010000000000000001111111111111101101111111111111101111111111110101100000000000011100000000000000101
00000000000001100000000000110100000000000000011111111111111101111111111111111110000000000000111011111111111101110000000000000000
00000000000010000000000000001001000000000000001100000000000001001111111111111101000000000000010011111111111110110000000000000100
