#timeX col7..col0 for kij slice
00000000000001011111111111101101111111111111110000000000000000110000000000000011000000000001101111111111111110110000000000000110
00000000000001101111111111101101111111111111110000000000000001000000000000000001000000000001001100000000000000000000000000000110
00000000000011001111111110111011000000000000000111111111111001110000000000000100000000000010111000000000000011110000000000001011
00000000000000000000000000000000000000000000000000000000000000000000000000000000000000000000000000000000000000000000000000000000
00000000000000000000000000000000000000000000000000000000000000000000000000000000000000000000000000000000000000000000000000000000
00000000000001111111111111100110111111111110111011111111111111011111111111111100000000000000110011111111111101010000000000000100
00000000000010011111111111010001000000000000001111111111111111100000000000000001000000000010010000000000000101110000000000001100
00000000000100101111111110011111111111111110101111111111110111111111111111111011000000000010101000000000000010100000000000001101
00000000000011101111111110101101111111111110111011111111110111100000000000000010000000000011011111111111111110010000000000001001
00000000000010111111111111001010111111111110111111111111111100100000000000000011000000000010111111111111111100000000000000001001
00000000000001101111111111011111111111111111110011111111111110100000000000000101000000000010010011111111111111000000000000000111
00000000000001101111111111011111111111111111110011111111111110100000000000000101000000000010010011111111111111000000000000000111
00000000000001101111111111011111111111111111110011111111111110100000000000000101000000000010010011111111111111000000000000000111
00000000000001101111111111011111111111111111110011111111111110100000000000000101000000000010010011111111111111000000000000000111
00000000000001101111111111011111111111111111110011111111111110100000000000000101000000000010010011111111111111000000000000000111
00000000000011001111111110110010000000000000110011111111111010000000000000001001000000000100001000000000000110110000000000001111
00000000000010101111111111000100000000000000010111111111111011110000000000000010000000000010011100000000000110100000000000001010
00000000000001111111111111011111111111111110111011111111111011111111111111111101000000000000011111111111111100110000000000000010
00000000000000101111111111111011111111111111101100000000000000110000000000000000000000000000011011111111111110110000000000000010
00000000000000111111111111110111111111111111101100000000000000101111111111111111000000000000001111111111111111110000000000000011
00000000000001111111111111100011111111111111010111111111111110001111111111111110000000000000110111111111111111000000000000000100
00000000000001001111111111110011111111111111100011111111111111100000000000000000000000000000101111111111111101110000000000000010
00000000000010001111111111011100111111111111110111111111111110110000000000000010000000000010001000000000000000100000000000001000
00000000000100011111111110100000111111111111001111111111111000100000000000000011000000000100101000000000000000100000000000001111
00000000000010111111111111000010111111111111010111111111111010100000000000000001000000000010111011111111111111100000000000001000
00000000000001101111111111101000000000000000000000000000000000100000000000000001000000000001100000000000000001110000000000000111
00000000000001011111111111100001111111111111111011111111111101011111111111111110000000000000100100000000000011000000000000000101
00000000000001101111111111100010111111111111010111111111111100111111111111111011111111111111111100000000000000110000000000000011
00000000000010011111111111010101111111111110011011111111111010011111111111111011000000000000011111111111111011010000000000000010
00000000000000111111111111110111111111111111110100000000000001101111111111111111000000000000110000000000000000010000000000000100
00000000000000111111111111111110111111111111110000000000000010011111111111111101111111111111111100000000000000100000000000000011
00000000000001111111111111101111111111111110111100000000000001101111111111111011000000000000010111111111111101110000000000000101
00000000000011001111111111000011111111111111100011111111111100100000000000000010000000000011000100000000000000110000000000001011
00000000000100001111111110100100111111111110110011111111110111000000000000000010000000000100001011111111111101100000000000001011
00000000000010001111111111010000111111111111100011111111111100100000000000000011000000000010100111111111111111010000000000001000
00000000000001001111111111110100111111111111101100000000000001110000000000000001000000000001000111111111111111010000000000000101
00000000000011011111111110110111000000000000000111111111111001100000000000000011000000000010101100000000000100110000000000001100
00000000000000000000000000000000000000000000000000000000000000000000000000000000000000000000000000000000000000000000000000000000
00000000000000000000000000000000000000000000000000000000000000000000000000000000000000000000000000000000000000000000000000000000
00000000000001011111111111110010111111111111000100000000000000101111111111111101000000000000011111111111111101000000000000000011
00000000000000100000000000000010111111111111110000000000000010101111111111111110000000000000001011111111111111100000000000000010
00000000000011001111111111000111111111111110010111111111111010011111111111111010000000000000111111111111111100110000000000000110
00000000000100001111111110100001111111111110101111111111110101010000000000000101000000000100011011111111111011100000000000001010
00000000000001111111111111010100111111111111110111111111111101000000000000001000000000000011001111111111111110010000000000001001
00000000000010001111111111011011111111111111011011111111111111000000000000000011000000000010010111111111111110000000000000001000
00000000000001101111111111011111111111111111110011111111111110100000000000000101000000000010010011111111111111000000000000000111
00000000000001111111111111011010111111111111100011111111111101110000000000000100000000000010010011111111111110010000000000000111
00000000000001101111111111100101111111111111111000000000000000100000000000000101000000000010010111111111111111100000000000001000
00000000000001111111111111011110111111111111111100000000000000000000000000000101000000000010101000000000000000100000000000001001
00000000000001111111111111011111000000000000001100000000000000100000000000000101000000000010011100000000000010010000000000001010
00000000000010001111111111010100111111111111111011111111111100100000000000000001000000000001100000000000000010110000000000000111
00000000000010001111111111011000111111111111000111111111111011010000000000000001000000000001100111111111111100010000000000000011
00000000000000111111111111111110111111111111111000000000000010010000000000000001000000000000110011111111111111000000000000000011
00000000000001011111111111111010111111111111011000000000000010111111111111111011000000000000000011111111111111100000000000000100
00000000000010011111111111100101111111111111000100000000000000101111111111111100000000000000111111111111111110100000000000000110
00000000000001111111111111110000111111111111011100000000000011001111111111111111000000000001100011111111111110100000000000000111
00000000000001101111111111101000111111111111110100000000000001110000000000000000000000000001100100000000000001100000000000001001
00000000000100111111111110011101111111111110101011111111110111111111111111111111000000000011110111111111111111010000000000001110
00000000000011011111111110101011111111111111101111111111110111000000000000001000000000000100101111111111111111100000000000001011
00000000000000111111111111101111000000000000000011111111111111110000000000000000000000000001000000000000000001100000000000000100
00000000000001011111111111101101111111111111101111111111111111101111111111111100000000000000000000000000000010000000000000000100
00000000000010001111111111011000111111111110110111111111111011011111111111111001111111111111111111111111111111010000000000000011
00000000000010011111111111001001111111111111101011111111111010010000000000000010000000000010010100000000000000100000000000000111
00000000000000111111111111101110000000000000001011111111111110111111111111111111000000000000011100000000000011000000000000000011
