#timeX col7..col0 for kij slice
11111111111111001111111111110001000000000000001000000000000011001111111111110000000000000001010111111111111111111111111111111001
11111111111111001111111111110101000000000000010100000000000010101111111111110001000000000001000111111111111110101111111111111010
11111111111101111111111111110101000000000000010000000000001011111111111111011111000000000010111011111111110101111111111111110011
00000000000000000000000000000000000000000000000000000000000000000000000000000000000000000000000000000000000000000000000000000000
00000000000000000000000000000000000000000000000000000000000000000000000000000000000000000000000000000000000000000000000000000000
11111111111110011111111111100011000000000000011000000000000010101111111111101000000000000001010000000000000101011111111111110111
00000000000000000000000000001111000000000000011100000000000111001111111111100101000000000001111011111111110101011111111111110011
11111111111100011111111111100011000000000000111000000000001101101111111111000101000000000011101011111111111011101111111111101011
11111111111100001111111111011110000000000000100000000000001101011111111111000111000000000011101111111111111111011111111111101111
11111111111100101111111111010011000000000000010100000000001000011111111111011000000000000010111100000000000011001111111111110010
11111111111110001111111111110010000000000000010100000000000101101111111111100111000000000001110111111111111110011111111111111001
11111111111110001111111111110010000000000000010100000000000101101111111111100111000000000001110111111111111110011111111111111001
11111111111110001111111111110010000000000000010100000000000101101111111111100111000000000001110111111111111110011111111111111001
11111111111110001111111111110010000000000000010100000000000101101111111111100111000000000001110111111111111110011111111111111001
11111111111110001111111111110010000000000000010100000000000101101111111111100111000000000001110111111111111110011111111111111001
11111111111110100000000000001001000000000000001100000000001110011111111111011100000000000011011011111111101110111111111111110001
11111111111111100000000000010100000000000000011100000000001010001111111111011111000000000010001111111111110011001111111111110100
11111111111100111111111111011010000000000000011100000000000100001111111111101001000000000001010100000000000101011111111111111011
11111111111111011111111111110110000000000000001100000000000000011111111111111001000000000000011000000000000001111111111111111110
11111111111111001111111111110110000000000000010100000000000000101111111111111001000000000000011000000000000000101111111111111110
11111111111110011111111111101010000000000000010100000000000011111111111111101100000000000001010000000000000001011111111111111001
11111111111110111111111111101100000000000000001000000000000001111111111111110100000000000000110100000000000010111111111111111100
11111111111111011111111111101111111111111111111100000000000110001111111111101100000000000001111111111111111100111111111111110100
11111111111101011111111111011100000000000000000100000000001111111111111111000111000000000100100111111111111010111111111111100110
11111111111110011111111111100111000000000000000000000000001010011111111111011001000000000010111111111111111110011111111111101111
00000000000000001111111111111101000000000000000100000000000011111111111111110010000000000001010011111111111011111111111111110111
11111111111111011111111111111111000000000000010000000000000100011111111111110011000000000000111111111111111011101111111111111010
11111111111110011111111111110000000000000000011100000000000011011111111111110000000000000000110100000000000000011111111111111011
11111111111011111111111111001100000000000000100100000000000101001111111111100001000000000001101100000000001000011111111111111001
00000000000000101111111111111011111111111111111100000000000001001111111111111001000000000000101011111111111111111111111111111001
00000000000000011111111111111010000000000000001011111111111111011111111111111110000000000000001000000000000000011111111111111100
11111111111110101111111111100010000000000000011100000000000000101111111111101111000000000000111000000000000101001111111111111000
11111111111110011111111111101011000000000000001100000000001001111111111111011010000000000010111111111111111011111111111111101111
11111111111100011111111111010000000000000000001000000000001111001111111111000101000000000100011000000000000000001111111111101001
11111111111110001111111111101100000000000000001100000000000111111111111111100000000000000010011011111111111110101111111111110100
11111111111111011111111111111000000000000000010100000000000001011111111111110010000000000000110100000000000000011111111111111011
11111111111101101111111111110101000000000000011000000000001100001111111111011111000000000010111011111111110100101111111111110011
00000000000000000000000000000000000000000000000000000000000000000000000000000000000000000000000000000000000000000000000000000000
00000000000000000000000000000000000000000000000000000000000000000000000000000000000000000000000000000000000000000000000000000000
11111111111110101111111111100101000000000000010100000000000000111111111111110000000000000000110100000000000101101111111111111010
00000000000000101111111111111010000000000000000011111111111111001111111111111110000000000000001000000000000001101111111111111100
11111111111011111111111111001010000000000000101000000000000110111111111111011011000000000010010000000000000110001111111111110100
11111111111010111111111111000100000000000000001100000000010000001111111111000011000000000100101000000000000001101111111111101100
11111111111101101111111111100111000000000000000100000000001000001111111111100100000000000010100111111111111101111111111111110110
11111111111101111111111111101000000000000000011000000000000101101111111111100010000000000010000100000000000000101111111111110110
11111111111110001111111111110010000000000000010100000000000101101111111111100111000000000001110111111111111110011111111111111001
11111111111101101111111111101011000000000000011000000000000110001111111111100011000000000010000011111111111111111111111111111000
11111111111110111111111111110110000000000000010000000000000100101111111111101010000000000001101111111111111101101111111111111000
11111111111111001111111111111011000000000000010000000000000101111111111111100110000000000001111111111111111011111111111111110110
11111111111111010000000000000010000000000000010100000000000101101111111111101010000000000001110011111111111001001111111111110111
11111111111110011111111111111110000000000000100000000000000110111111111111100111000000000001101011111111111001111111111111111001
11111111111100111111111111011100000000000000010100000000000110011111111111100010000000000001111100000000000011111111111111111001
00000000000000001111111111110111000000000000000000000000000000011111111111111011000000000000100000000000000000101111111111111100
00000000000000001111111111110000000000000000001111111111111111011111111111111001000000000000011000000000000010101111111111111001
11111111111110111111111111100100000000000000010100000000000010111111111111101010000000000001011000000000000010111111111111110101
00000000000000001111111111101011000000000000000000000000000001111111111111110000000000000001010100000000000001111111111111110100
00000000000000001111111111111001000000000000001000000000000011001111111111110001000000000001010111111111111101001111111111110101
11111111111100001111111111001101000000000000011000000000001111001111111111000100000000000100011111111111111110011111111111100111
11111111111101011111111111100001111111111111110000000000001111111111111111010000000000000100010011111111111010011111111111101100
00000000000000100000000000000011111111111111111100000000000010111111111111110110000000000000110111111111111101011111111111111001
11111111111111101111111111111011000000000000010100000000000001111111111111110111000000000000100011111111111110001111111111111011
11111111111101011111111111100010000000000000100100000000000100011111111111101000000000000001001100000000000011011111111111111001
11111111111110001111111111101100000000000000000100000000001001011111111111100010000000000010011111111111111100101111111111110100
00000000000000010000000000001010000000000000001000000000000010111111111111111000000000000000100011111111111011011111111111111100
