#timeX col7..col0 for kij slice
00000000000000101111111111111110000000000000111000000000000001111111111111110011000000000000111111111111111111111111111111110110
00000000000000000000000000000001000000000000111100000000000001101111111111110101000000000000111011111111111110111111111111111000
11111111111101101111111111110100000000000000101000000000000111111111111111101011000000000010001111111111110101111111111111110000
00000000000000000000000000000000000000000000000000000000000000000000000000000000000000000000000000000000000000000000000000000000
00000000000000000000000000000000000000000000000000000000000000000000000000000000000000000000000000000000000000000000000000000000
11111111111111111111111111101111000000000000101000000000000001111111111111110001000000000001010100000000000100001111111111110001
11111111111111100000000000011100000000000001101000000000000011101111111111101110000000000001010011111111110111101111111111111000
11111111111100101111111111101000000000000001000000000000001001011111111111011111000000000011011011111111111010011111111111100010
11111111111100111111111111011010000000000000011100000000001010101111111111100001000000000011100011111111111100101111111111011101
11111111111111011111111111100000000000000000110100000000000110001111111111100101000000000010100000000000000001001111111111100101
11111111111111101111111111111001000000000000110000000000000100011111111111110000000000000001100011111111111101111111111111110000
11111111111111101111111111111001000000000000110000000000000100011111111111110000000000000001100011111111111101111111111111110000
11111111111111101111111111111001000000000000110000000000000100011111111111110000000000000001100011111111111101111111111111110000
11111111111111101111111111111001000000000000110000000000000100011111111111110000000000000001100011111111111101111111111111110000
11111111111111101111111111111001000000000000110000000000000100011111111111110000000000000001100011111111111101111111111111110000
11111111111101110000000000001001000000000001001000000000001001001111111111101000000000000010010011111111110000011111111111110001
11111111111101100000000000010000000000000001000000000000000110111111111111101111000000000001110111111111110100011111111111110100
11111111111110011111111111011010111111111111110100000000000011111111111111110100000000000001100100000000000010111111111111101111
00000000000000011111111111111101000000000000011000000000000000011111111111111011000000000000011000000000000001101111111111111011
00000000000000001111111111111110000000000000011100000000000000011111111111111011000000000000011000000000000000101111111111111100
11111111111111001111111111101111000000000000011000000000000010111111111111110100000000000001010000000000000000011111111111110100
11111111111111111111111111110001000000000000010000000000000001101111111111111000000000000000110100000000000001111111111111110111
00000000000000001111111111111011000000000000111000000000000011001111111111101111000000000001010011111111111101001111111111110110
11111111111110011111111111100111000000000001001100000000001001111111111111011001000000000011011111111111111001111111111111100001
11111111111110101111111111101010000000000000100100000000000110111111111111100111000000000010011011111111111101001111111111101010
00000000000000010000000000001001000000000001000000000000000001101111111111110100000000000000110011111111111100111111111111111011
11111111111111000000000000000001000000000000010100000000000010011111111111111000000000000000101111111111111100001111111111111100
11111111111110101111111111110001000000000000000100000000000010011111111111111000000000000000111111111111111111101111111111111000
11111111111101111111111111001100111111111111101100000000000100111111111111110000000000000010000100000000000100111111111111101001
00000000000001000000000000001000000000000000110011111111111111101111111111111000000000000000010000000000000000101111111111111110
00000000000000110000000000000111000000000000101111111111111110101111111111111100000000000000000000000000000001000000000000000001
00000000000000101111111111110110000000000000111111111111111111111111111111110011000000000000111000000000000100101111111111110110
11111111111111001111111111110110000000000001001000000000000110001111111111100110000000000010010011111111111011101111111111101100
11111111111101101111111111010011000000000000100100000000001010101111111111011011000000000011101111111111111101011111111111011100
11111111111111011111111111110011000000000000101100000000000101011111111111101011000000000001111011111111111101111111111111101101
00000000000000100000000000000101000000000000111100000000000000111111111111110110000000000000101100000000000000101111111111111000
11111111111101011111111111110101000000000000101100000000000111111111111111101011000000000010001111111111110100111111111111110001
00000000000000000000000000000000000000000000000000000000000000000000000000000000000000000000000000000000000000000000000000000000
00000000000000000000000000000000000000000000000000000000000000000000000000000000000000000000000000000000000000000000000000000000
00000000000000011111111111110010000000000000100100000000000000101111111111110101000000000000111000000000000100101111111111110101
00000000000001000000000000000110000000000000101011111111111110101111111111111100000000000000000000000000000010000000000000000000
11111111111110001111111111010010000000000000001100000000000101001111111111101010000000000010010100000000000011011111111111101000
11111111111100111111111111000001000000000000001000000000001100011111111111011011000000000100000111111111111101101111111111010111
11111111111111111111111111110000000000000000101100000000000101101111111111101011000000000001110111111111111101001111111111101101
11111111111111111111111111110101000000000001000000000000000100001111111111101100000000000001110011111111111111111111111111101101
11111111111111101111111111111001000000000000110000000000000100011111111111110000000000000001100011111111111101111111111111110000
11111111111111011111111111110010000000000000101100000000000100111111111111101110000000000001110011111111111110111111111111101101
00000000000000010000000000000011000000000001001000000000000011001111111111110000000000000001010011111111111101111111111111110011
00000000000000000000000000000111000000000001010000000000000011111111111111101110000000000001011111111111111100011111111111110010
00000000000000000000000000001111000000000001011000000000000011011111111111110000000000000001001111111111111010011111111111110110
11111111111110001111111111111101000000000000100100000000000101001111111111110011000000000001100011111111111001111111111111110100
11111111111110001111111111011001111111111111111100000000000101111111111111110000000000000010000100000000000001001111111111101010
00000000000000110000000000000010000000000000101111111111111111111111111111111010000000000000010100000000000000111111111111111101
00000000000001000000000000000011000000000000111111111111111110011111111111111000000000000000010000000000000011001111111111111110
00000000000000001111111111110101000000000001000000000000000001011111111111110000000000000001010000000000000010011111111111110100
00000000000001100000000000000011000000000001011011111111111111111111111111110000000000000000110100000000000010011111111111111000
00000000000001010000000000001111000000000001011000000000000000011111111111110001000000000000101011111111111110101111111111111011
11111111111101101111111111011000000000000001000000000000001001111111111111011001000000000011101111111111111100011111111111011110
11111111111101111111111111011110000000000000011000000000001010111111111111100000000000000011001111111111111000101111111111100011
00000000000000010000000000001001000000000000100100000000000001001111111111111000000000000000011111111111111110001111111111111101
11111111111111100000000000000010000000000000100000000000000000101111111111111010000000000000011111111111111110101111111111111110
11111111111110001111111111100011111111111111111100000000000011011111111111110100000000000001011100000000000001101111111111110010
11111111111110011111111111101011000000000000010000000000000110011111111111101101000000000001111111111111111011101111111111101111
11111111111111010000000000001001000000000000010100000000000001101111111111111100000000000000011011111111111100001111111111111111
