#timeX col7..col0 accumulated across all kij


00000000000000011111111111011011000000000010011000000000010001011111111111100011000000000111101011111111111100010000000000001010
00000000000000111111111111011111000000000011010000000000010000101111111111011111000000000101000111111111111011100000000000001110
00000000000010001111111111001101000000000100010100000000101101101111111111001101000000001111010111111111101000000000000000111010
00000000000000000000000000000000000000000000000000000000000000000000000000000000000000000000000000000000000000000000000000000000
00000000000000000000000000000000000000000000000000000000000000000000000000000000000000000000000000000000000000000000000000000000
00000000000000011111111110110011000000000001100000000000001101111111111111001101000000000011110000000000001111111111111111110111
00000000000001011111111111101110000000000101001000000000100111111111111110100111000000001001000111111111101110110000000000110111
00000000000001101111111110000001000000000101010000000000111001101111111110001010000000001110011100000000000000010000000000110100
11111111111101111111111110000011000000000011010100000000110101101111111110111000000000010100010111111111111001100000000000101010
00000000000000011111111111011011000000000010011000000000010001011111111111100011000000000111101011111111111100010000000000001010
11111111111111001111111111010000000000000011010100000000011100001111111111100110000000001011100111111111110101100000000000011111
11111111111111001111111111010000000000000011010100000000011100001111111111100110000000001011100111111111110101100000000000011111
11111111111111001111111111010000000000000011010100000000011100001111111111100110000000001011100111111111110101100000000000011111
11111111111111001111111111010000000000000011010100000000011100001111111111100110000000001011100111111111110101100000000000011111
11111111111111001111111111010000000000000011010100000000011100001111111111100110000000001011100111111111110101100000000000011111
00000000000001101111111111101000000000000101110100000000111100001111111111000001000000010100101011111111010110000000000001011010
11111111111111101111111111101011000000000100110000000000101111001111111110110010000000001100010111111111100101000000000001000101
00000000000000101111111110101100000000000001010000000000001100111111111111110010000000000100010100000000001011111111111111111111
00000000000000001111111111101001000000000001001100000000000100101111111111110101000000000001100100000000000011010000000000000000
00000000000001001111111111101001000000000001111100000000000101111111111111110010000000000000011100000000000010110000000000000110
00000000000000111111111111000110000000000001111000000000001111111111111111011110000000000100101000000000000100010000000000000101
00000000000000001111111111010110000000000000111100000000000111101111111111110011000000000011111000000000000011111111111111111011
00000000000010001111111111010101000000000010000100000000011000101111111111001110000000001001110011111111111001110000000000001101
00000000000001101111111110001001000000000011011000000000111101111111111110010001000000010111101111111111110110100000000000101001
00000000000000001111111110101011000000000001011000000000100110111111111110110111000000001111011111111111111100110000000000010011
00000000000001101111111111101100000000000010011100000000010011101111111111001111000000000110000011111111111001000000000000010000
00000000000010001111111111101100000000000001110100000000010001011111111111011011000000000010100111111111111101010000000000011001
00000000000001111111111111010000000000000001100100000000001100001111111111100000000000000000011000000000001000000000000000001010
00000000000000101111111110001100000000000001001000000000001111011111111111101010000000000101000100000000010011111111111111111001
00000000000001011111111111110000000000000000101000000000000111011111111111010111000000000010000100000000000100011111111111111011
00000000000010001111111111110100000000000001010000000000000000111111111111100001111111111110000000000000000110101111111111111000
00000000000010001111111110111101000000000010010100000000000111111111111111001110000000000000010100000000010001111111111111110010
00000000000001001111111110110100000000000011011100000000101010001111111110110001000000001111001011111111110111100000000000011111
11111111111111111111111101110011000000000010001000000000110111101111111110100111000000010111000111111111111110010000000000011011
11111111111111111111111110111101000000000010011000000000100001101111111111001110000000001101010011111111111011000000000000011011
11111111111111111111111111100010000000000010101100000000001101101111111111100000000000000100010011111111111111100000000000001010
00000000000011001111111111001101000000000101000100000000101110111111111111001010000000001110001111111111100111100000000001000000
00000000000000000000000000000000000000000000000000000000000000000000000000000000000000000000000000000000000000000000000000000000
00000000000000000000000000000000000000000000000000000000000000000000000000000000000000000000000000000000000000000000000000000000
00000000000000101111111111000011000000000001010100000000000110111111111111011111000000000001111000000000001110111111111111110011
00000000000001001111111111110100000000000000100011111111111111101111111111100100111111111111001000000000000111001111111111110010
00000000000010011111111110000010000000000010010000000000011000001111111111001100000000000110011100000000010100000000000000000001
11111111111111001111111101100101000000000010011000000000111000101111111111001000000000011001111111111111111010000000000000100000
00000000000000001111111111000101000000000010111000000000100001111111111111101010000000010000011011111111110010100000000000100001
11111111111111101111111110111010000000000011100000000000011101001111111111010100000000001011100011111111111101000000000000010101
11111111111111001111111111010000000000000011010100000000011100001111111111100110000000001011100111111111110101100000000000011111
11111111111111001111111111000000000000000011010000000000011101011111111111100010000000001011111111111111111001100000000000011100
11111111111111101111111111011010000000000011101000000000011010101111111111011100000000001010110011111111110101000000000000011011
11111111111111011111111111011010000000000011111000000000100000011111111111001110000000001100010011111111110010000000000000100010
00000000000000011111111111101010000000000100101100000000100000011111111111001111000000001010110011111111101101100000000000101011
00000000000000011111111111011011000000000011111100000000011111001111111111011000000000001000001111111111110010000000000000101101
11111111111110111111111110101000000000000001100100000000010110101111111111110000000000001010100000000000000001100000000000001000
00000000000000101111111111110000000000000001010100000000000100111111111111101101000000000010101111111111111111011111111111111010
00000000000010101111111111011110000000000001011100000000000001111111111111001111111111111101111100000000001110001111111111101110
00000000000001111111111110111010000000000010011000000000001111011111111111000010000000000011110000000000001011011111111111110111
00000000000001111111111111010000000000000001111000000000001101011111111111000000000000000101001000000000000111101111111111110010
00000000000010101111111111100101000000000010110000000000010011101111111111000000000000000101000100000000000000010000000000001101
00000000000010011111111101101101000000000011111000000000111001111111111110010011000000010100011000000000000000110000000000100000
11111111111111111111111110100010000000000001110000000000110111111111111111000100000000011001110011111111101011100000000000101011
00000000000000101111111111110110000000000000101000000000001101011111111111010111000000000100000011111111111101110000000000001001
00000000000010011111111111101010000000000001111100000000001001011111111111011010111111111111001100000000000011100000000000001001
00000000000001111111111110110000000000000001011100000000001110101111111111011000000000000001001000000000010000000000000000000100
00000000000000111111111111000001000000000001101100000000100001011111111111010100000000001100111011111111110111110000000000011100
00000000000000100000000000000000000000000001010000000000001100111111111111100001000000000001111011111111111001100000000000010100
