#timeX col7..col0 for kij slice
11111111111111101111111111110111000000000000001100000000000010101111111111110011000000000001000011111111111111100000000000000110
00000000000000001111111111110111000000000000010000000000000011001111111111110010000000000000110111111111111110110000000000000111
00000000000010001111111111111010000000000000010000000000001001001111111111011010000000000011000111111111111010010000000000001011
00000000000000000000000000000000000000000000000000000000000000000000000000000000000000000000000000000000000000000000000000000000
00000000000000000000000000000000000000000000000000000000000000000000000000000000000000000000000000000000000000000000000000000000
11111111111111011111111111100110000000000000110000000000000011011111111111110100000000000000001000000000000101000000000000001010
00000000000000100000000000010100111111111111111100000000000111011111111111011110000000000010011011111111111001000000000000000110
00000000000001101111111111100111000000000001001100000000001100111111111111001111000000000010101000000000000001000000000000010101
00000000000000111111111111100111000000000001000100000000001010001111111111011000000000000010011000000000000011000000000000010100
11111111111111111111111111011101000000000000111000000000000110011111111111100110000000000001110000000000000011100000000000010000
00000000000000011111111111111000000000000000011000000000000100011111111111101101000000000001100011111111111111010000000000001010
00000000000000011111111111111000000000000000011000000000000100011111111111101101000000000001100011111111111111010000000000001010
00000000000000011111111111111000000000000000011000000000000100011111111111101101000000000001100011111111111111010000000000001010
00000000000000011111111111111000000000000000011000000000000100011111111111101101000000000001100011111111111111010000000000001010
00000000000000011111111111111000000000000000011000000000000100011111111111101101000000000001100011111111111111010000000000001010
00000000000010010000000000010010111111111111110100000000001010101111111111010000000000000100010111111111110100110000000000001001
00000000000001100000000000010111000000000000000000000000001000111111111111011001000000000010101011111111111000100000000000001000
00000000000000111111111111011001000000000001000000000000000011111111111111110110000000000000001100000000000101110000000000001101
11111111111111111111111111110111000000000000010000000000000000111111111111111101000000000000000100000000000001010000000000000100
00000000000000011111111111110101000000000000010100000000000001101111111111111011000000000000001100000000000000100000000000000101
00000000000000011111111111101011000000000000100100000000000011111111111111110010000000000000100100000000000010000000000000001001
11111111111111111111111111101110000000000000011000000000000001101111111111111010000000000000001100000000000010010000000000000110
11111111111111111111111111110111000000000000000100000000000100101111111111101010000000000001110011111111111101110000000000000101
00000000000000001111111111101101000000000000100100000000001011101111111111001101000000000011110011111111111110110000000000001111
11111111111111111111111111110010000000000000011100000000000111011111111111100000000000000010001000000000000000110000000000001010
11111111111111110000000000000010111111111111111100000000000011101111111111101110000000000001010111111111111100110000000000000011
00000000000001001111111111111111000000000000001100000000000100011111111111110000000000000001001011111111111110000000000000000100
00000000000001001111111111101101000000000000101000000000000100001111111111110100000000000000011000000000000010000000000000001000
00000000000000111111111111001011000000000001011000000000000100111111111111110100000000000000000100000000001000110000000000010001
11111111111111000000000000000000111111111111111100000000000001011111111111111000000000000000100011111111111111100000000000000000
11111111111111101111111111111010000000000000000100000000000000111111111111111100000000000000000011111111111111110000000000000001
11111111111111011111111111100011000000000000101100000000000010101111111111110111111111111111111100000000000100000000000000001001
00000000000000001111111111110101000000000000011000000000000111111111111111011101000000000010011111111111111110010000000000001011
00000000000000001111111111011111000000000000111100000000001010101111111111010100000000000010111100000000000011010000000000010010
00000000000000001111111111110101000000000000011100000000000101111111111111100111000000000001111000000000000000010000000000001010
11111111111111101111111111111011000000000000010000000000000010001111111111110110000000000000100000000000000000000000000000000110
00000000000010101111111111111000000000000000010100000000001001111111111111011000000000000011001111111111111001100000000000001100
00000000000000000000000000000000000000000000000000000000000000000000000000000000000000000000000000000000000000000000000000000000
00000000000000000000000000000000000000000000000000000000000000000000000000000000000000000000000000000000000000000000000000000000
11111111111111011111111111100111000000000000101000000000000001111111111111111010111111111111111000000000000100100000000000001000
11111111111111001111111111111100000000000000000000000000000000001111111111111110111111111111111000000000000000100000000000000000
00000000000000111111111111001011000000000001011000000000000110111111111111101011000000000000110000000000000111010000000000010010
00000000000000111111111111010010000000000001001100000000001010101111111111010110000000000011000000000000000100100000000000010110
00000000000000011111111111110010000000000000010100000000000101001111111111101001000000000010010111111111111110110000000000001010
11111111111111111111111111101111000000000000100100000000000100111111111111101011000000000001011000000000000001000000000000001100
00000000000000011111111111111000000000000000011000000000000100011111111111101101000000000001100011111111111111010000000000001010
00000000000000011111111111110001000000000000100100000000000100111111111111101100000000000001011100000000000000110000000000001100
11111111111111111111111111111101000000000000001100000000000011111111111111101101000000000001100011111111111110000000000000001000
11111111111111110000000000000011000000000000001000000000000100111111111111101000000000000001110111111111111101000000000000001000
00000000000000010000000000001000000000000000000000000000000101001111111111100111000000000010000011111111111010110000000000000111
00000000000001101111111111111110000000000000011000000000000110011111111111100111000000000001101011111111111101000000000000001010
00000000000000101111111111011111000000000000111000000000000100101111111111110000000000000000110000000000000100100000000000001110
11111111111111011111111111111010000000000000000000000000000000101111111111111011000000000000010011111111111111100000000000000010
11111111111111001111111111110001000000000000010000000000000001011111111111111010111111111111111000000000000001100000000000000011
11111111111111011111111111100111000000000000100100000000000011111111111111110000000000000000011100000000000010100000000000001001
11111111111110011111111111110011000000000000001000000000000010011111111111110010000000000000101100000000000000100000000000000100
11111111111111010000000000000000000000000000000000000000000011101111111111101110000000000001011011111111111101100000000000000011
00000000000000101111111111011001000000000001000100000000001100001111111111001111000000000011001000000000000010000000000000010100
00000000000000101111111111110010000000000000010100000000001001101111111111010101000000000011101111111111111110000000000000001100
11111111111111100000000000001000111111111111111000000000000010011111111111110100000000000000111011111111111110010000000000000000
00000000000000101111111111111001000000000000010000000000000011001111111111110101000000000000011111111111111111010000000000000100
00000000000001001111111111011111000000000001000000000000000101001111111111110010000000000000010000000000000101000000000000001100
00000000000000111111111111110011000000000000011000000000000110101111111111100101000000000010000111111111111111010000000000001001
00000000000000100000000000001010111111111111111100000000000010111111111111110100000000000000110011111111111101010000000000000001
